1941,   1,  27, 302,  60
1942,  27,  28, 303, 302
1943,  28,  29, 304, 303
1944,  29,  30, 305, 304
1945,  30,   2,  31, 305
1946,  60, 302, 306,  59
1947, 302, 303, 307, 306
1948, 303, 304, 308, 307
1949, 304, 305, 309, 308
1950, 305,  31,  32, 309
1951,  59, 306, 310,  58
1952, 306, 307, 311, 310
1953, 307, 308, 312, 311
1954, 308, 309, 313, 312
1955, 309,  32,  33, 313
1956,  58, 310, 314,  57
1957, 310, 311, 315, 314
1958, 311, 312, 316, 315
1959, 312, 313, 317, 316
1960, 313,  33,  34, 317
1961,  57, 314, 318,  56
1962, 314, 315, 319, 318
1963, 315, 316, 320, 319
1964, 316, 317, 321, 320
1965, 317,  34,  35, 321
1966,  56, 318, 322,  55
1967, 318, 319, 323, 322
1968, 319, 320, 324, 323
1969, 320, 321, 325, 324
1970, 321,  35,  36, 325
1971,  55, 322, 326,  54
1972, 322, 323, 327, 326
1973, 323, 324, 328, 327
1974, 324, 325, 329, 328
1975, 325,  36,  37, 329
1976,  54, 326, 330,  53
1977, 326, 327, 331, 330
1978, 327, 328, 332, 331
1979, 328, 329, 333, 332
1980, 329,  37,  38, 333
1981,  53, 330, 334,  52
1982, 330, 331, 335, 334
1983, 331, 332, 336, 335
1984, 332, 333, 337, 336
1985, 333,  38,  39, 337
1986,  52, 334, 338,  51
1987, 334, 335, 339, 338
1988, 335, 336, 340, 339
1989, 336, 337, 341, 340
1990, 337,  39,  40, 341
1991,  51, 338, 342,  50
1992, 338, 339, 343, 342
1993, 339, 340, 344, 343
1994, 340, 341, 345, 344
1995, 341,  40,  41, 345
1996,  50, 342, 346,  49
1997, 342, 343, 347, 346
1998, 343, 344, 348, 347
1999, 344, 345, 349, 348
2000, 345,  41,  42, 349
2001,  49, 346, 350,  48
2002, 346, 347, 351, 350
2003, 347, 348, 352, 351
2004, 348, 349, 353, 352
2005, 349,  42,  43, 353
2006,  48, 350,  47,   4
2007, 350, 351,  46,  47
2008, 351, 352,  45,  46
2009, 352, 353,  44,  45
2010, 353,  43,   3,  44
2011,    4,   61,  354,   48
2012,   61,   62,  355,  354
2013,   62,   63,  356,  355
2014,   63,   64,  357,  356
2015,   64,   65,  358,  357
2016,   65,   66,  359,  358
2017,   66,   67,  360,  359
2018,   67,   68,  361,  360
2019,   68,   69,  362,  361
2020,   69,   70,  363,  362
2021,   70,   71,  364,  363
2022,   71,   72,  365,  364
2023,   72,   73,  366,  365
2024,   73,   74,  367,  366
2025,   74,   75,  368,  367
2026,   75,   76,  369,  368
2027,   76,   77,  370,  369
2028,   77,   78,  371,  370
2029,   78,   79,  372,  371
2030,   79,   80,  373,  372
2031,   80,   81,  374,  373
2032,   81,   82,  375,  374
2033,   82,   83,  376,  375
2034,   83,   84,  377,  376
2035,   84,   85,  378,  377
2036,   85,   86,  379,  378
2037,   86,   87,  380,  379
2038,   87,   88,  381,  380
2039,   88,   89,  382,  381
2040,   89,    5,   90,  382
2041,   48,  354,  383,   49
2042,  354,  355,  384,  383
2043,  355,  356,  385,  384
2044,  356,  357,  386,  385
2045,  357,  358,  387,  386
2046,  358,  359,  388,  387
2047,  359,  360,  389,  388
2048,  360,  361,  390,  389
2049,  361,  362,  391,  390
2050,  362,  363,  392,  391
2051,  363,  364,  393,  392
2052,  364,  365,  394,  393
2053,  365,  366,  395,  394
2054,  366,  367,  396,  395
2055,  367,  368,  397,  396
2056,  368,  369,  398,  397
2057,  369,  370,  399,  398
2058,  370,  371,  400,  399
2059,  371,  372,  401,  400
2060,  372,  373,  402,  401
2061,  373,  374,  403,  402
2062,  374,  375,  404,  403
2063,  375,  376,  405,  404
2064,  376,  377,  406,  405
2065,  377,  378,  407,  406
2066,  378,  379,  408,  407
2067,  379,  380,  409,  408
2068,  380,  381,  410,  409
2069,  381,  382,  411,  410
2070,  382,   90,   91,  411
2071,   49,  383,  412,   50
2072,  383,  384,  413,  412
2073,  384,  385,  414,  413
2074,  385,  386,  415,  414
2075,  386,  387,  416,  415
2076,  387,  388,  417,  416
2077,  388,  389,  418,  417
2078,  389,  390,  419,  418
2079,  390,  391,  420,  419
2080,  391,  392,  421,  420
2081,  392,  393,  422,  421
2082,  393,  394,  423,  422
2083,  394,  395,  424,  423
2084,  395,  396,  425,  424
2085,  396,  397,  426,  425
2086,  397,  398,  427,  426
2087,  398,  399,  428,  427
2088,  399,  400,  429,  428
2089,  400,  401,  430,  429
2090,  401,  402,  431,  430
2091,  402,  403,  432,  431
2092,  403,  404,  433,  432
2093,  404,  405,  434,  433
2094,  405,  406,  435,  434
2095,  406,  407,  436,  435
2096,  407,  408,  437,  436
2097,  408,  409,  438,  437
2098,  409,  410,  439,  438
2099,  410,  411,  440,  439
2100,  411,   91,   92,  440
2101,   50,  412,  441,   51
2102,  412,  413,  442,  441
2103,  413,  414,  443,  442
2104,  414,  415,  444,  443
2105,  415,  416,  445,  444
2106,  416,  417,  446,  445
2107,  417,  418,  447,  446
2108,  418,  419,  448,  447
2109,  419,  420,  449,  448
2110,  420,  421,  450,  449
2111,  421,  422,  451,  450
2112,  422,  423,  452,  451
2113,  423,  424,  453,  452
2114,  424,  425,  454,  453
2115,  425,  426,  455,  454
2116,  426,  427,  456,  455
2117,  427,  428,  457,  456
2118,  428,  429,  458,  457
2119,  429,  430,  459,  458
2120,  430,  431,  460,  459
2121,  431,  432,  461,  460
2122,  432,  433,  462,  461
2123,  433,  434,  463,  462
2124,  434,  435,  464,  463
2125,  435,  436,  465,  464
2126,  436,  437,  466,  465
2127,  437,  438,  467,  466
2128,  438,  439,  468,  467
2129,  439,  440,  469,  468
2130,  440,   92,   93,  469
2131,   51,  441,  470,   52
2132,  441,  442,  471,  470
2133,  442,  443,  472,  471
2134,  443,  444,  473,  472
2135,  444,  445,  474,  473
2136,  445,  446,  475,  474
2137,  446,  447,  476,  475
2138,  447,  448,  477,  476
2139,  448,  449,  478,  477
2140,  449,  450,  479,  478
2141,  450,  451,  480,  479
2142,  451,  452,  481,  480
2143,  452,  453,  482,  481
2144,  453,  454,  483,  482
2145,  454,  455,  484,  483
2146,  455,  456,  485,  484
2147,  456,  457,  486,  485
2148,  457,  458,  487,  486
2149,  458,  459,  488,  487
2150,  459,  460,  489,  488
2151,  460,  461,  490,  489
2152,  461,  462,  491,  490
2153,  462,  463,  492,  491
2154,  463,  464,  493,  492
2155,  464,  465,  494,  493
2156,  465,  466,  495,  494
2157,  466,  467,  496,  495
2158,  467,  468,  497,  496
2159,  468,  469,  498,  497
2160,  469,   93,   94,  498
2161,   52,  470,  499,   53
2162,  470,  471,  500,  499
2163,  471,  472,  501,  500
2164,  472,  473,  502,  501
2165,  473,  474,  503,  502
2166,  474,  475,  504,  503
2167,  475,  476,  505,  504
2168,  476,  477,  506,  505
2169,  477,  478,  507,  506
2170,  478,  479,  508,  507
2171,  479,  480,  509,  508
2172,  480,  481,  510,  509
2173,  481,  482,  511,  510
2174,  482,  483,  512,  511
2175,  483,  484,  513,  512
2176,  484,  485,  514,  513
2177,  485,  486,  515,  514
2178,  486,  487,  516,  515
2179,  487,  488,  517,  516
2180,  488,  489,  518,  517
2181,  489,  490,  519,  518
2182,  490,  491,  520,  519
2183,  491,  492,  521,  520
2184,  492,  493,  522,  521
2185,  493,  494,  523,  522
2186,  494,  495,  524,  523
2187,  495,  496,  525,  524
2188,  496,  497,  526,  525
2189,  497,  498,  527,  526
2190,  498,   94,   95,  527
2191,   53,  499,  528,   54
2192,  499,  500,  529,  528
2193,  500,  501,  530,  529
2194,  501,  502,  531,  530
2195,  502,  503,  532,  531
2196,  503,  504,  533,  532
2197,  504,  505,  534,  533
2198,  505,  506,  535,  534
2199,  506,  507,  536,  535
2200,  507,  508,  537,  536
2201,  508,  509,  538,  537
2202,  509,  510,  539,  538
2203,  510,  511,  540,  539
2204,  511,  512,  541,  540
2205,  512,  513,  542,  541
2206,  513,  514,  543,  542
2207,  514,  515,  544,  543
2208,  515,  516,  545,  544
2209,  516,  517,  546,  545
2210,  517,  518,  547,  546
2211,  518,  519,  548,  547
2212,  519,  520,  549,  548
2213,  520,  521,  550,  549
2214,  521,  522,  551,  550
2215,  522,  523,  552,  551
2216,  523,  524,  553,  552
2217,  524,  525,  554,  553
2218,  525,  526,  555,  554
2219,  526,  527,  556,  555
2220,  527,   95,   96,  556
2221,   54,  528,  557,   55
2222,  528,  529,  558,  557
2223,  529,  530,  559,  558
2224,  530,  531,  560,  559
2225,  531,  532,  561,  560
2226,  532,  533,  562,  561
2227,  533,  534,  563,  562
2228,  534,  535,  564,  563
2229,  535,  536,  565,  564
2230,  536,  537,  566,  565
2231,  537,  538,  567,  566
2232,  538,  539,  568,  567
2233,  539,  540,  569,  568
2234,  540,  541,  570,  569
2235,  541,  542,  571,  570
2236,  542,  543,  572,  571
2237,  543,  544,  573,  572
2238,  544,  545,  574,  573
2239,  545,  546,  575,  574
2240,  546,  547,  576,  575
2241,  547,  548,  577,  576
2242,  548,  549,  578,  577
2243,  549,  550,  579,  578
2244,  550,  551,  580,  579
2245,  551,  552,  581,  580
2246,  552,  553,  582,  581
2247,  553,  554,  583,  582
2248,  554,  555,  584,  583
2249,  555,  556,  585,  584
2250,  556,   96,   97,  585
2251,   55,  557,  586,   56
2252,  557,  558,  587,  586
2253,  558,  559,  588,  587
2254,  559,  560,  589,  588
2255,  560,  561,  590,  589
2256,  561,  562,  591,  590
2257,  562,  563,  592,  591
2258,  563,  564,  593,  592
2259,  564,  565,  594,  593
2260,  565,  566,  595,  594
2261,  566,  567,  596,  595
2262,  567,  568,  597,  596
2263,  568,  569,  598,  597
2264,  569,  570,  599,  598
2265,  570,  571,  600,  599
2266,  571,  572,  601,  600
2267,  572,  573,  602,  601
2268,  573,  574,  603,  602
2269,  574,  575,  604,  603
2270,  575,  576,  605,  604
2271,  576,  577,  606,  605
2272,  577,  578,  607,  606
2273,  578,  579,  608,  607
2274,  579,  580,  609,  608
2275,  580,  581,  610,  609
2276,  581,  582,  611,  610
2277,  582,  583,  612,  611
2278,  583,  584,  613,  612
2279,  584,  585,  614,  613
2280,  585,   97,   98,  614
2281,   56,  586,  615,   57
2282,  586,  587,  616,  615
2283,  587,  588,  617,  616
2284,  588,  589,  618,  617
2285,  589,  590,  619,  618
2286,  590,  591,  620,  619
2287,  591,  592,  621,  620
2288,  592,  593,  622,  621
2289,  593,  594,  623,  622
2290,  594,  595,  624,  623
2291,  595,  596,  625,  624
2292,  596,  597,  626,  625
2293,  597,  598,  627,  626
2294,  598,  599,  628,  627
2295,  599,  600,  629,  628
2296,  600,  601,  630,  629
2297,  601,  602,  631,  630
2298,  602,  603,  632,  631
2299,  603,  604,  633,  632
2300,  604,  605,  634,  633
2301,  605,  606,  635,  634
2302,  606,  607,  636,  635
2303,  607,  608,  637,  636
2304,  608,  609,  638,  637
2305,  609,  610,  639,  638
2306,  610,  611,  640,  639
2307,  611,  612,  641,  640
2308,  612,  613,  642,  641
2309,  613,  614,  643,  642
2310,  614,   98,   99,  643
2311,   57,  615,  644,   58
2312,  615,  616,  645,  644
2313,  616,  617,  646,  645
2314,  617,  618,  647,  646
2315,  618,  619,  648,  647
2316,  619,  620,  649,  648
2317,  620,  621,  650,  649
2318,  621,  622,  651,  650
2319,  622,  623,  652,  651
2320,  623,  624,  653,  652
2321,  624,  625,  654,  653
2322,  625,  626,  655,  654
2323,  626,  627,  656,  655
2324,  627,  628,  657,  656
2325,  628,  629,  658,  657
2326,  629,  630,  659,  658
2327,  630,  631,  660,  659
2328,  631,  632,  661,  660
2329,  632,  633,  662,  661
2330,  633,  634,  663,  662
2331,  634,  635,  664,  663
2332,  635,  636,  665,  664
2333,  636,  637,  666,  665
2334,  637,  638,  667,  666
2335,  638,  639,  668,  667
2336,  639,  640,  669,  668
2337,  640,  641,  670,  669
2338,  641,  642,  671,  670
2339,  642,  643,  672,  671
2340,  643,   99,  100,  672
2341,   58,  644,  673,   59
2342,  644,  645,  674,  673
2343,  645,  646,  675,  674
2344,  646,  647,  676,  675
2345,  647,  648,  677,  676
2346,  648,  649,  678,  677
2347,  649,  650,  679,  678
2348,  650,  651,  680,  679
2349,  651,  652,  681,  680
2350,  652,  653,  682,  681
2351,  653,  654,  683,  682
2352,  654,  655,  684,  683
2353,  655,  656,  685,  684
2354,  656,  657,  686,  685
2355,  657,  658,  687,  686
2356,  658,  659,  688,  687
2357,  659,  660,  689,  688
2358,  660,  661,  690,  689
2359,  661,  662,  691,  690
2360,  662,  663,  692,  691
2361,  663,  664,  693,  692
2362,  664,  665,  694,  693
2363,  665,  666,  695,  694
2364,  666,  667,  696,  695
2365,  667,  668,  697,  696
2366,  668,  669,  698,  697
2367,  669,  670,  699,  698
2368,  670,  671,  700,  699
2369,  671,  672,  701,  700
2370,  672,  100,  101,  701
2371,   59,  673,  702,   60
2372,  673,  674,  703,  702
2373,  674,  675,  704,  703
2374,  675,  676,  705,  704
2375,  676,  677,  706,  705
2376,  677,  678,  707,  706
2377,  678,  679,  708,  707
2378,  679,  680,  709,  708
2379,  680,  681,  710,  709
2380,  681,  682,  711,  710
2381,  682,  683,  712,  711
2382,  683,  684,  713,  712
2383,  684,  685,  714,  713
2384,  685,  686,  715,  714
2385,  686,  687,  716,  715
2386,  687,  688,  717,  716
2387,  688,  689,  718,  717
2388,  689,  690,  719,  718
2389,  690,  691,  720,  719
2390,  691,  692,  721,  720
2391,  692,  693,  722,  721
2392,  693,  694,  723,  722
2393,  694,  695,  724,  723
2394,  695,  696,  725,  724
2395,  696,  697,  726,  725
2396,  697,  698,  727,  726
2397,  698,  699,  728,  727
2398,  699,  700,  729,  728
2399,  700,  701,  730,  729
2400,  701,  101,  102,  730
2401,   60,  702,  731,    1
2402,  702,  703,  732,  731
2403,  703,  704,  733,  732
2404,  704,  705,  734,  733
2405,  705,  706,  735,  734
2406,  706,  707,  736,  735
2407,  707,  708,  737,  736
2408,  708,  709,  738,  737
2409,  709,  710,  739,  738
2410,  710,  711,  740,  739
2411,  711,  712,  741,  740
2412,  712,  713,  742,  741
2413,  713,  714,  743,  742
2414,  714,  715,  744,  743
2415,  715,  716,  745,  744
2416,  716,  717,  746,  745
2417,  717,  718,  747,  746
2418,  718,  719,  748,  747
2419,  719,  720,  749,  748
2420,  720,  721,  750,  749
2421,  721,  722,  751,  750
2422,  722,  723,  752,  751
2423,  723,  724,  753,  752
2424,  724,  725,  754,  753
2425,  725,  726,  755,  754
2426,  726,  727,  756,  755
2427,  727,  728,  757,  756
2428,  728,  729,  758,  757
2429,  729,  730,  759,  758
2430,  730,  102,  103,  759
2431,    1,  731,  760,    7
2432,  731,  732,  761,  760
2433,  732,  733,  762,  761
2434,  733,  734,  763,  762
2435,  734,  735,  764,  763
2436,  735,  736,  765,  764
2437,  736,  737,  766,  765
2438,  737,  738,  767,  766
2439,  738,  739,  768,  767
2440,  739,  740,  769,  768
2441,  740,  741,  770,  769
2442,  741,  742,  771,  770
2443,  742,  743,  772,  771
2444,  743,  744,  773,  772
2445,  744,  745,  774,  773
2446,  745,  746,  775,  774
2447,  746,  747,  776,  775
2448,  747,  748,  777,  776
2449,  748,  749,  778,  777
2450,  749,  750,  779,  778
2451,  750,  751,  780,  779
2452,  751,  752,  781,  780
2453,  752,  753,  782,  781
2454,  753,  754,  783,  782
2455,  754,  755,  784,  783
2456,  755,  756,  785,  784
2457,  756,  757,  786,  785
2458,  757,  758,  787,  786
2459,  758,  759,  788,  787
2460,  759,  103,  104,  788
2461,    7,  760,  789,    8
2462,  760,  761,  790,  789
2463,  761,  762,  791,  790
2464,  762,  763,  792,  791
2465,  763,  764,  793,  792
2466,  764,  765,  794,  793
2467,  765,  766,  795,  794
2468,  766,  767,  796,  795
2469,  767,  768,  797,  796
2470,  768,  769,  798,  797
2471,  769,  770,  799,  798
2472,  770,  771,  800,  799
2473,  771,  772,  801,  800
2474,  772,  773,  802,  801
2475,  773,  774,  803,  802
2476,  774,  775,  804,  803
2477,  775,  776,  805,  804
2478,  776,  777,  806,  805
2479,  777,  778,  807,  806
2480,  778,  779,  808,  807
2481,  779,  780,  809,  808
2482,  780,  781,  810,  809
2483,  781,  782,  811,  810
2484,  782,  783,  812,  811
2485,  783,  784,  813,  812
2486,  784,  785,  814,  813
2487,  785,  786,  815,  814
2488,  786,  787,  816,  815
2489,  787,  788,  817,  816
2490,  788,  104,  105,  817
2491,    8,  789,  818,  160
2492,  789,  790,  819,  818
2493,  790,  791,  820,  819
2494,  791,  792,  821,  820
2495,  792,  793,  822,  821
2496,  793,  794,  823,  822
2497,  794,  795,  824,  823
2498,  795,  796,  825,  824
2499,  796,  797,  826,  825
2500,  797,  798,  827,  826
2501,  798,  799,  828,  827
2502,  799,  800,  829,  828
2503,  800,  801,  830,  829
2504,  801,  802,  831,  830
2505,  802,  803,  832,  831
2506,  803,  804,  833,  832
2507,  804,  805,  834,  833
2508,  805,  806,  835,  834
2509,  806,  807,  836,  835
2510,  807,  808,  837,  836
2511,  808,  809,  838,  837
2512,  809,  810,  839,  838
2513,  810,  811,  840,  839
2514,  811,  812,  841,  840
2515,  812,  813,  842,  841
2516,  813,  814,  843,  842
2517,  814,  815,  844,  843
2518,  815,  816,  845,  844
2519,  816,  817,  846,  845
2520,  817,  105,  106,  846
2521,  160,  818,  847,  159
2522,  818,  819,  848,  847
2523,  819,  820,  849,  848
2524,  820,  821,  850,  849
2525,  821,  822,  851,  850
2526,  822,  823,  852,  851
2527,  823,  824,  853,  852
2528,  824,  825,  854,  853
2529,  825,  826,  855,  854
2530,  826,  827,  856,  855
2531,  827,  828,  857,  856
2532,  828,  829,  858,  857
2533,  829,  830,  859,  858
2534,  830,  831,  860,  859
2535,  831,  832,  861,  860
2536,  832,  833,  862,  861
2537,  833,  834,  863,  862
2538,  834,  835,  864,  863
2539,  835,  836,  865,  864
2540,  836,  837,  866,  865
2541,  837,  838,  867,  866
2542,  838,  839,  868,  867
2543,  839,  840,  869,  868
2544,  840,  841,  870,  869
2545,  841,  842,  871,  870
2546,  842,  843,  872,  871
2547,  843,  844,  873,  872
2548,  844,  845,  874,  873
2549,  845,  846,  875,  874
2550,  846,  106,  107,  875
2551,  159,  847,  876,  158
2552,  847,  848,  877,  876
2553,  848,  849,  878,  877
2554,  849,  850,  879,  878
2555,  850,  851,  880,  879
2556,  851,  852,  881,  880
2557,  852,  853,  882,  881
2558,  853,  854,  883,  882
2559,  854,  855,  884,  883
2560,  855,  856,  885,  884
2561,  856,  857,  886,  885
2562,  857,  858,  887,  886
2563,  858,  859,  888,  887
2564,  859,  860,  889,  888
2565,  860,  861,  890,  889
2566,  861,  862,  891,  890
2567,  862,  863,  892,  891
2568,  863,  864,  893,  892
2569,  864,  865,  894,  893
2570,  865,  866,  895,  894
2571,  866,  867,  896,  895
2572,  867,  868,  897,  896
2573,  868,  869,  898,  897
2574,  869,  870,  899,  898
2575,  870,  871,  900,  899
2576,  871,  872,  901,  900
2577,  872,  873,  902,  901
2578,  873,  874,  903,  902
2579,  874,  875,  904,  903
2580,  875,  107,  108,  904
2581,  158,  876,  905,  157
2582,  876,  877,  906,  905
2583,  877,  878,  907,  906
2584,  878,  879,  908,  907
2585,  879,  880,  909,  908
2586,  880,  881,  910,  909
2587,  881,  882,  911,  910
2588,  882,  883,  912,  911
2589,  883,  884,  913,  912
2590,  884,  885,  914,  913
2591,  885,  886,  915,  914
2592,  886,  887,  916,  915
2593,  887,  888,  917,  916
2594,  888,  889,  918,  917
2595,  889,  890,  919,  918
2596,  890,  891,  920,  919
2597,  891,  892,  921,  920
2598,  892,  893,  922,  921
2599,  893,  894,  923,  922
2600,  894,  895,  924,  923
2601,  895,  896,  925,  924
2602,  896,  897,  926,  925
2603,  897,  898,  927,  926
2604,  898,  899,  928,  927
2605,  899,  900,  929,  928
2606,  900,  901,  930,  929
2607,  901,  902,  931,  930
2608,  902,  903,  932,  931
2609,  903,  904,  933,  932
2610,  904,  108,  109,  933
2611,  157,  905,  934,  156
2612,  905,  906,  935,  934
2613,  906,  907,  936,  935
2614,  907,  908,  937,  936
2615,  908,  909,  938,  937
2616,  909,  910,  939,  938
2617,  910,  911,  940,  939
2618,  911,  912,  941,  940
2619,  912,  913,  942,  941
2620,  913,  914,  943,  942
2621,  914,  915,  944,  943
2622,  915,  916,  945,  944
2623,  916,  917,  946,  945
2624,  917,  918,  947,  946
2625,  918,  919,  948,  947
2626,  919,  920,  949,  948
2627,  920,  921,  950,  949
2628,  921,  922,  951,  950
2629,  922,  923,  952,  951
2630,  923,  924,  953,  952
2631,  924,  925,  954,  953
2632,  925,  926,  955,  954
2633,  926,  927,  956,  955
2634,  927,  928,  957,  956
2635,  928,  929,  958,  957
2636,  929,  930,  959,  958
2637,  930,  931,  960,  959
2638,  931,  932,  961,  960
2639,  932,  933,  962,  961
2640,  933,  109,  110,  962
2641,  156,  934,  963,  155
2642,  934,  935,  964,  963
2643,  935,  936,  965,  964
2644,  936,  937,  966,  965
2645,  937,  938,  967,  966
2646,  938,  939,  968,  967
2647,  939,  940,  969,  968
2648,  940,  941,  970,  969
2649,  941,  942,  971,  970
2650,  942,  943,  972,  971
2651,  943,  944,  973,  972
2652,  944,  945,  974,  973
2653,  945,  946,  975,  974
2654,  946,  947,  976,  975
2655,  947,  948,  977,  976
2656,  948,  949,  978,  977
2657,  949,  950,  979,  978
2658,  950,  951,  980,  979
2659,  951,  952,  981,  980
2660,  952,  953,  982,  981
2661,  953,  954,  983,  982
2662,  954,  955,  984,  983
2663,  955,  956,  985,  984
2664,  956,  957,  986,  985
2665,  957,  958,  987,  986
2666,  958,  959,  988,  987
2667,  959,  960,  989,  988
2668,  960,  961,  990,  989
2669,  961,  962,  991,  990
2670,  962,  110,  111,  991
2671,  155,  963,  992,  154
2672,  963,  964,  993,  992
2673,  964,  965,  994,  993
2674,  965,  966,  995,  994
2675,  966,  967,  996,  995
2676,  967,  968,  997,  996
2677,  968,  969,  998,  997
2678,  969,  970,  999,  998
2679,  970,  971, 1000,  999
2680,  971,  972, 1001, 1000
2681,  972,  973, 1002, 1001
2682,  973,  974, 1003, 1002
2683,  974,  975, 1004, 1003
2684,  975,  976, 1005, 1004
2685,  976,  977, 1006, 1005
2686,  977,  978, 1007, 1006
2687,  978,  979, 1008, 1007
2688,  979,  980, 1009, 1008
2689,  980,  981, 1010, 1009
2690,  981,  982, 1011, 1010
2691,  982,  983, 1012, 1011
2692,  983,  984, 1013, 1012
2693,  984,  985, 1014, 1013
2694,  985,  986, 1015, 1014
2695,  986,  987, 1016, 1015
2696,  987,  988, 1017, 1016
2697,  988,  989, 1018, 1017
2698,  989,  990, 1019, 1018
2699,  990,  991, 1020, 1019
2700,  991,  111,  112, 1020
2701,  154,  992, 1021,  153
2702,  992,  993, 1022, 1021
2703,  993,  994, 1023, 1022
2704,  994,  995, 1024, 1023
2705,  995,  996, 1025, 1024
2706,  996,  997, 1026, 1025
2707,  997,  998, 1027, 1026
2708,  998,  999, 1028, 1027
2709,  999, 1000, 1029, 1028
2710, 1000, 1001, 1030, 1029
2711, 1001, 1002, 1031, 1030
2712, 1002, 1003, 1032, 1031
2713, 1003, 1004, 1033, 1032
2714, 1004, 1005, 1034, 1033
2715, 1005, 1006, 1035, 1034
2716, 1006, 1007, 1036, 1035
2717, 1007, 1008, 1037, 1036
2718, 1008, 1009, 1038, 1037
2719, 1009, 1010, 1039, 1038
2720, 1010, 1011, 1040, 1039
2721, 1011, 1012, 1041, 1040
2722, 1012, 1013, 1042, 1041
2723, 1013, 1014, 1043, 1042
2724, 1014, 1015, 1044, 1043
2725, 1015, 1016, 1045, 1044
2726, 1016, 1017, 1046, 1045
2727, 1017, 1018, 1047, 1046
2728, 1018, 1019, 1048, 1047
2729, 1019, 1020, 1049, 1048
2730, 1020,  112,  113, 1049
2731,  153, 1021, 1050,  152
2732, 1021, 1022, 1051, 1050
2733, 1022, 1023, 1052, 1051
2734, 1023, 1024, 1053, 1052
2735, 1024, 1025, 1054, 1053
2736, 1025, 1026, 1055, 1054
2737, 1026, 1027, 1056, 1055
2738, 1027, 1028, 1057, 1056
2739, 1028, 1029, 1058, 1057
2740, 1029, 1030, 1059, 1058
2741, 1030, 1031, 1060, 1059
2742, 1031, 1032, 1061, 1060
2743, 1032, 1033, 1062, 1061
2744, 1033, 1034, 1063, 1062
2745, 1034, 1035, 1064, 1063
2746, 1035, 1036, 1065, 1064
2747, 1036, 1037, 1066, 1065
2748, 1037, 1038, 1067, 1066
2749, 1038, 1039, 1068, 1067
2750, 1039, 1040, 1069, 1068
2751, 1040, 1041, 1070, 1069
2752, 1041, 1042, 1071, 1070
2753, 1042, 1043, 1072, 1071
2754, 1043, 1044, 1073, 1072
2755, 1044, 1045, 1074, 1073
2756, 1045, 1046, 1075, 1074
2757, 1046, 1047, 1076, 1075
2758, 1047, 1048, 1077, 1076
2759, 1048, 1049, 1078, 1077
2760, 1049,  113,  114, 1078
2761,  152, 1050, 1079,  151
2762, 1050, 1051, 1080, 1079
2763, 1051, 1052, 1081, 1080
2764, 1052, 1053, 1082, 1081
2765, 1053, 1054, 1083, 1082
2766, 1054, 1055, 1084, 1083
2767, 1055, 1056, 1085, 1084
2768, 1056, 1057, 1086, 1085
2769, 1057, 1058, 1087, 1086
2770, 1058, 1059, 1088, 1087
2771, 1059, 1060, 1089, 1088
2772, 1060, 1061, 1090, 1089
2773, 1061, 1062, 1091, 1090
2774, 1062, 1063, 1092, 1091
2775, 1063, 1064, 1093, 1092
2776, 1064, 1065, 1094, 1093
2777, 1065, 1066, 1095, 1094
2778, 1066, 1067, 1096, 1095
2779, 1067, 1068, 1097, 1096
2780, 1068, 1069, 1098, 1097
2781, 1069, 1070, 1099, 1098
2782, 1070, 1071, 1100, 1099
2783, 1071, 1072, 1101, 1100
2784, 1072, 1073, 1102, 1101
2785, 1073, 1074, 1103, 1102
2786, 1074, 1075, 1104, 1103
2787, 1075, 1076, 1105, 1104
2788, 1076, 1077, 1106, 1105
2789, 1077, 1078, 1107, 1106
2790, 1078,  114,  115, 1107
2791,  151, 1079, 1108,  150
2792, 1079, 1080, 1109, 1108
2793, 1080, 1081, 1110, 1109
2794, 1081, 1082, 1111, 1110
2795, 1082, 1083, 1112, 1111
2796, 1083, 1084, 1113, 1112
2797, 1084, 1085, 1114, 1113
2798, 1085, 1086, 1115, 1114
2799, 1086, 1087, 1116, 1115
2800, 1087, 1088, 1117, 1116
2801, 1088, 1089, 1118, 1117
2802, 1089, 1090, 1119, 1118
2803, 1090, 1091, 1120, 1119
2804, 1091, 1092, 1121, 1120
2805, 1092, 1093, 1122, 1121
2806, 1093, 1094, 1123, 1122
2807, 1094, 1095, 1124, 1123
2808, 1095, 1096, 1125, 1124
2809, 1096, 1097, 1126, 1125
2810, 1097, 1098, 1127, 1126
2811, 1098, 1099, 1128, 1127
2812, 1099, 1100, 1129, 1128
2813, 1100, 1101, 1130, 1129
2814, 1101, 1102, 1131, 1130
2815, 1102, 1103, 1132, 1131
2816, 1103, 1104, 1133, 1132
2817, 1104, 1105, 1134, 1133
2818, 1105, 1106, 1135, 1134
2819, 1106, 1107, 1136, 1135
2820, 1107,  115,  116, 1136
2821,  150, 1108, 1137,  149
2822, 1108, 1109, 1138, 1137
2823, 1109, 1110, 1139, 1138
2824, 1110, 1111, 1140, 1139
2825, 1111, 1112, 1141, 1140
2826, 1112, 1113, 1142, 1141
2827, 1113, 1114, 1143, 1142
2828, 1114, 1115, 1144, 1143
2829, 1115, 1116, 1145, 1144
2830, 1116, 1117, 1146, 1145
2831, 1117, 1118, 1147, 1146
2832, 1118, 1119, 1148, 1147
2833, 1119, 1120, 1149, 1148
2834, 1120, 1121, 1150, 1149
2835, 1121, 1122, 1151, 1150
2836, 1122, 1123, 1152, 1151
2837, 1123, 1124, 1153, 1152
2838, 1124, 1125, 1154, 1153
2839, 1125, 1126, 1155, 1154
2840, 1126, 1127, 1156, 1155
2841, 1127, 1128, 1157, 1156
2842, 1128, 1129, 1158, 1157
2843, 1129, 1130, 1159, 1158
2844, 1130, 1131, 1160, 1159
2845, 1131, 1132, 1161, 1160
2846, 1132, 1133, 1162, 1161
2847, 1133, 1134, 1163, 1162
2848, 1134, 1135, 1164, 1163
2849, 1135, 1136, 1165, 1164
2850, 1136,  116,  117, 1165
2851,  149, 1137, 1166,  148
2852, 1137, 1138, 1167, 1166
2853, 1138, 1139, 1168, 1167
2854, 1139, 1140, 1169, 1168
2855, 1140, 1141, 1170, 1169
2856, 1141, 1142, 1171, 1170
2857, 1142, 1143, 1172, 1171
2858, 1143, 1144, 1173, 1172
2859, 1144, 1145, 1174, 1173
2860, 1145, 1146, 1175, 1174
2861, 1146, 1147, 1176, 1175
2862, 1147, 1148, 1177, 1176
2863, 1148, 1149, 1178, 1177
2864, 1149, 1150, 1179, 1178
2865, 1150, 1151, 1180, 1179
2866, 1151, 1152, 1181, 1180
2867, 1152, 1153, 1182, 1181
2868, 1153, 1154, 1183, 1182
2869, 1154, 1155, 1184, 1183
2870, 1155, 1156, 1185, 1184
2871, 1156, 1157, 1186, 1185
2872, 1157, 1158, 1187, 1186
2873, 1158, 1159, 1188, 1187
2874, 1159, 1160, 1189, 1188
2875, 1160, 1161, 1190, 1189
2876, 1161, 1162, 1191, 1190
2877, 1162, 1163, 1192, 1191
2878, 1163, 1164, 1193, 1192
2879, 1164, 1165, 1194, 1193
2880, 1165,  117,  118, 1194
2881,  148, 1166,  147,    9
2882, 1166, 1167,  146,  147
2883, 1167, 1168,  145,  146
2884, 1168, 1169,  144,  145
2885, 1169, 1170,  143,  144
2886, 1170, 1171,  142,  143
2887, 1171, 1172,  141,  142
2888, 1172, 1173,  140,  141
2889, 1173, 1174,  139,  140
2890, 1174, 1175,  138,  139
2891, 1175, 1176,  137,  138
2892, 1176, 1177,  136,  137
2893, 1177, 1178,  135,  136
2894, 1178, 1179,  134,  135
2895, 1179, 1180,  133,  134
2896, 1180, 1181,  132,  133
2897, 1181, 1182,  131,  132
2898, 1182, 1183,  130,  131
2899, 1183, 1184,  129,  130
2900, 1184, 1185,  128,  129
2901, 1185, 1186,  127,  128
2902, 1186, 1187,  126,  127
2903, 1187, 1188,  125,  126
2904, 1188, 1189,  124,  125
2905, 1189, 1190,  123,  124
2906, 1190, 1191,  122,  123
2907, 1191, 1192,  121,  122
2908, 1192, 1193,  120,  121
2909, 1193, 1194,  119,  120
2910, 1194,  118,    6,  119
2911,   10,  161, 1195,  207
2912,  161,  162, 1196, 1195
2913,  162,  163, 1197, 1196
2914,  163,  164, 1198, 1197
2915,  164,  165, 1199, 1198
2916,  165,  166, 1200, 1199
2917,  166,  167, 1201, 1200
2918,  167,  168, 1202, 1201
2919,  168,  169, 1203, 1202
2920,  169,  170, 1204, 1203
2921,  170,  171, 1205, 1204
2922,  171,   11,  172, 1205
2923,  207, 1195, 1206,  206
2924, 1195, 1196, 1207, 1206
2925, 1196, 1197, 1208, 1207
2926, 1197, 1198, 1209, 1208
2927, 1198, 1199, 1210, 1209
2928, 1199, 1200, 1211, 1210
2929, 1200, 1201, 1212, 1211
2930, 1201, 1202, 1213, 1212
2931, 1202, 1203, 1214, 1213
2932, 1203, 1204, 1215, 1214
2933, 1204, 1205, 1216, 1215
2934, 1205,  172,  173, 1216
2935,  206, 1206, 1217,  205
2936, 1206, 1207, 1218, 1217
2937, 1207, 1208, 1219, 1218
2938, 1208, 1209, 1220, 1219
2939, 1209, 1210, 1221, 1220
2940, 1210, 1211, 1222, 1221
2941, 1211, 1212, 1223, 1222
2942, 1212, 1213, 1224, 1223
2943, 1213, 1214, 1225, 1224
2944, 1214, 1215, 1226, 1225
2945, 1215, 1216, 1227, 1226
2946, 1216,  173,  174, 1227
2947,  205, 1217, 1228,  204
2948, 1217, 1218, 1229, 1228
2949, 1218, 1219, 1230, 1229
2950, 1219, 1220, 1231, 1230
2951, 1220, 1221, 1232, 1231
2952, 1221, 1222, 1233, 1232
2953, 1222, 1223, 1234, 1233
2954, 1223, 1224, 1235, 1234
2955, 1224, 1225, 1236, 1235
2956, 1225, 1226, 1237, 1236
2957, 1226, 1227, 1238, 1237
2958, 1227,  174,  175, 1238
2959,  204, 1228, 1239,  203
2960, 1228, 1229, 1240, 1239
2961, 1229, 1230, 1241, 1240
2962, 1230, 1231, 1242, 1241
2963, 1231, 1232, 1243, 1242
2964, 1232, 1233, 1244, 1243
2965, 1233, 1234, 1245, 1244
2966, 1234, 1235, 1246, 1245
2967, 1235, 1236, 1247, 1246
2968, 1236, 1237, 1248, 1247
2969, 1237, 1238, 1249, 1248
2970, 1238,  175,  176, 1249
2971,  203, 1239, 1250,  202
2972, 1239, 1240, 1251, 1250
2973, 1240, 1241, 1252, 1251
2974, 1241, 1242, 1253, 1252
2975, 1242, 1243, 1254, 1253
2976, 1243, 1244, 1255, 1254
2977, 1244, 1245, 1256, 1255
2978, 1245, 1246, 1257, 1256
2979, 1246, 1247, 1258, 1257
2980, 1247, 1248, 1259, 1258
2981, 1248, 1249, 1260, 1259
2982, 1249,  176,  177, 1260
2983,  202, 1250, 1261,  201
2984, 1250, 1251, 1262, 1261
2985, 1251, 1252, 1263, 1262
2986, 1252, 1253, 1264, 1263
2987, 1253, 1254, 1265, 1264
2988, 1254, 1255, 1266, 1265
2989, 1255, 1256, 1267, 1266
2990, 1256, 1257, 1268, 1267
2991, 1257, 1258, 1269, 1268
2992, 1258, 1259, 1270, 1269
2993, 1259, 1260, 1271, 1270
2994, 1260,  177,  178, 1271
2995,  201, 1261, 1272,  200
2996, 1261, 1262, 1273, 1272
2997, 1262, 1263, 1274, 1273
2998, 1263, 1264, 1275, 1274
2999, 1264, 1265, 1276, 1275
3000, 1265, 1266, 1277, 1276
3001, 1266, 1267, 1278, 1277
3002, 1267, 1268, 1279, 1278
3003, 1268, 1269, 1280, 1279
3004, 1269, 1270, 1281, 1280
3005, 1270, 1271, 1282, 1281
3006, 1271,  178,  179, 1282
3007,  200, 1272, 1283,  199
3008, 1272, 1273, 1284, 1283
3009, 1273, 1274, 1285, 1284
3010, 1274, 1275, 1286, 1285
3011, 1275, 1276, 1287, 1286
3012, 1276, 1277, 1288, 1287
3013, 1277, 1278, 1289, 1288
3014, 1278, 1279, 1290, 1289
3015, 1279, 1280, 1291, 1290
3016, 1280, 1281, 1292, 1291
3017, 1281, 1282, 1293, 1292
3018, 1282,  179,  180, 1293
3019,  199, 1283, 1294,  198
3020, 1283, 1284, 1295, 1294
3021, 1284, 1285, 1296, 1295
3022, 1285, 1286, 1297, 1296
3023, 1286, 1287, 1298, 1297
3024, 1287, 1288, 1299, 1298
3025, 1288, 1289, 1300, 1299
3026, 1289, 1290, 1301, 1300
3027, 1290, 1291, 1302, 1301
3028, 1291, 1292, 1303, 1302
3029, 1292, 1293, 1304, 1303
3030, 1293,  180,  181, 1304
3031,  198, 1294, 1305,  197
3032, 1294, 1295, 1306, 1305
3033, 1295, 1296, 1307, 1306
3034, 1296, 1297, 1308, 1307
3035, 1297, 1298, 1309, 1308
3036, 1298, 1299, 1310, 1309
3037, 1299, 1300, 1311, 1310
3038, 1300, 1301, 1312, 1311
3039, 1301, 1302, 1313, 1312
3040, 1302, 1303, 1314, 1313
3041, 1303, 1304, 1315, 1314
3042, 1304,  181,   12, 1315
3043,  197, 1305, 1316,  196
3044, 1305, 1306, 1317, 1316
3045, 1306, 1307, 1318, 1317
3046, 1307, 1308, 1319, 1318
3047, 1308, 1309, 1320, 1319
3048, 1309, 1310, 1321, 1320
3049, 1310, 1311, 1322, 1321
3050, 1311, 1312, 1323, 1322
3051, 1312, 1313, 1324, 1323
3052, 1313, 1314, 1325, 1324
3053, 1314, 1315, 1326, 1325
3054, 1315,   12,  182, 1326
3055,  196, 1316, 1327,  195
3056, 1316, 1317, 1328, 1327
3057, 1317, 1318, 1329, 1328
3058, 1318, 1319, 1330, 1329
3059, 1319, 1320, 1331, 1330
3060, 1320, 1321, 1332, 1331
3061, 1321, 1322, 1333, 1332
3062, 1322, 1323, 1334, 1333
3063, 1323, 1324, 1335, 1334
3064, 1324, 1325, 1336, 1335
3065, 1325, 1326, 1337, 1336
3066, 1326,  182,  183, 1337
3067,  195, 1327,  194,   14
3068, 1327, 1328,  193,  194
3069, 1328, 1329,  192,  193
3070, 1329, 1330,  191,  192
3071, 1330, 1331,  190,  191
3072, 1331, 1332,  189,  190
3073, 1332, 1333,  188,  189
3074, 1333, 1334,  187,  188
3075, 1334, 1335,  186,  187
3076, 1335, 1336,  185,  186
3077, 1336, 1337,  184,  185
3078, 1337,  183,   13,  184
3079,   15,  208, 1338,  252
3080,  208,  209, 1339, 1338
3081,  209,  210, 1340, 1339
3082,  210,  211, 1341, 1340
3083,  211,  212, 1342, 1341
3084,  212,  213, 1343, 1342
3085,  213,  214, 1344, 1343
3086,  214,  215, 1345, 1344
3087,  215,  216, 1346, 1345
3088,  216,  217, 1347, 1346
3089,  217,  218, 1348, 1347
3090,  218,   16,  219, 1348
3091,  252, 1338, 1349,  251
3092, 1338, 1339, 1350, 1349
3093, 1339, 1340, 1351, 1350
3094, 1340, 1341, 1352, 1351
3095, 1341, 1342, 1353, 1352
3096, 1342, 1343, 1354, 1353
3097, 1343, 1344, 1355, 1354
3098, 1344, 1345, 1356, 1355
3099, 1345, 1346, 1357, 1356
3100, 1346, 1347, 1358, 1357
3101, 1347, 1348, 1359, 1358
3102, 1348,  219,  220, 1359
3103,  251, 1349, 1360,  250
3104, 1349, 1350, 1361, 1360
3105, 1350, 1351, 1362, 1361
3106, 1351, 1352, 1363, 1362
3107, 1352, 1353, 1364, 1363
3108, 1353, 1354, 1365, 1364
3109, 1354, 1355, 1366, 1365
3110, 1355, 1356, 1367, 1366
3111, 1356, 1357, 1368, 1367
3112, 1357, 1358, 1369, 1368
3113, 1358, 1359, 1370, 1369
3114, 1359,  220,  221, 1370
3115,  250, 1360, 1371,  249
3116, 1360, 1361, 1372, 1371
3117, 1361, 1362, 1373, 1372
3118, 1362, 1363, 1374, 1373
3119, 1363, 1364, 1375, 1374
3120, 1364, 1365, 1376, 1375
3121, 1365, 1366, 1377, 1376
3122, 1366, 1367, 1378, 1377
3123, 1367, 1368, 1379, 1378
3124, 1368, 1369, 1380, 1379
3125, 1369, 1370, 1381, 1380
3126, 1370,  221,  222, 1381
3127,  249, 1371, 1382,  248
3128, 1371, 1372, 1383, 1382
3129, 1372, 1373, 1384, 1383
3130, 1373, 1374, 1385, 1384
3131, 1374, 1375, 1386, 1385
3132, 1375, 1376, 1387, 1386
3133, 1376, 1377, 1388, 1387
3134, 1377, 1378, 1389, 1388
3135, 1378, 1379, 1390, 1389
3136, 1379, 1380, 1391, 1390
3137, 1380, 1381, 1392, 1391
3138, 1381,  222,  223, 1392
3139,  248, 1382, 1393,  247
3140, 1382, 1383, 1394, 1393
3141, 1383, 1384, 1395, 1394
3142, 1384, 1385, 1396, 1395
3143, 1385, 1386, 1397, 1396
3144, 1386, 1387, 1398, 1397
3145, 1387, 1388, 1399, 1398
3146, 1388, 1389, 1400, 1399
3147, 1389, 1390, 1401, 1400
3148, 1390, 1391, 1402, 1401
3149, 1391, 1392, 1403, 1402
3150, 1392,  223,  224, 1403
3151,  247, 1393, 1404,  246
3152, 1393, 1394, 1405, 1404
3153, 1394, 1395, 1406, 1405
3154, 1395, 1396, 1407, 1406
3155, 1396, 1397, 1408, 1407
3156, 1397, 1398, 1409, 1408
3157, 1398, 1399, 1410, 1409
3158, 1399, 1400, 1411, 1410
3159, 1400, 1401, 1412, 1411
3160, 1401, 1402, 1413, 1412
3161, 1402, 1403, 1414, 1413
3162, 1403,  224,  225, 1414
3163,  246, 1404, 1415,  245
3164, 1404, 1405, 1416, 1415
3165, 1405, 1406, 1417, 1416
3166, 1406, 1407, 1418, 1417
3167, 1407, 1408, 1419, 1418
3168, 1408, 1409, 1420, 1419
3169, 1409, 1410, 1421, 1420
3170, 1410, 1411, 1422, 1421
3171, 1411, 1412, 1423, 1422
3172, 1412, 1413, 1424, 1423
3173, 1413, 1414, 1425, 1424
3174, 1414,  225,  226, 1425
3175,  245, 1415, 1426,  244
3176, 1415, 1416, 1427, 1426
3177, 1416, 1417, 1428, 1427
3178, 1417, 1418, 1429, 1428
3179, 1418, 1419, 1430, 1429
3180, 1419, 1420, 1431, 1430
3181, 1420, 1421, 1432, 1431
3182, 1421, 1422, 1433, 1432
3183, 1422, 1423, 1434, 1433
3184, 1423, 1424, 1435, 1434
3185, 1424, 1425, 1436, 1435
3186, 1425,  226,  227, 1436
3187,  244, 1426, 1437,  243
3188, 1426, 1427, 1438, 1437
3189, 1427, 1428, 1439, 1438
3190, 1428, 1429, 1440, 1439
3191, 1429, 1430, 1441, 1440
3192, 1430, 1431, 1442, 1441
3193, 1431, 1432, 1443, 1442
3194, 1432, 1433, 1444, 1443
3195, 1433, 1434, 1445, 1444
3196, 1434, 1435, 1446, 1445
3197, 1435, 1436, 1447, 1446
3198, 1436,  227,  228, 1447
3199,  243, 1437, 1448,   18
3200, 1437, 1438, 1449, 1448
3201, 1438, 1439, 1450, 1449
3202, 1439, 1440, 1451, 1450
3203, 1440, 1441, 1452, 1451
3204, 1441, 1442, 1453, 1452
3205, 1442, 1443, 1454, 1453
3206, 1443, 1444, 1455, 1454
3207, 1444, 1445, 1456, 1455
3208, 1445, 1446, 1457, 1456
3209, 1446, 1447, 1458, 1457
3210, 1447,  228,  229, 1458
3211,   18, 1448, 1459,  254
3212, 1448, 1449, 1460, 1459
3213, 1449, 1450, 1461, 1460
3214, 1450, 1451, 1462, 1461
3215, 1451, 1452, 1463, 1462
3216, 1452, 1453, 1464, 1463
3217, 1453, 1454, 1465, 1464
3218, 1454, 1455, 1466, 1465
3219, 1455, 1456, 1467, 1466
3220, 1456, 1457, 1468, 1467
3221, 1457, 1458, 1469, 1468
3222, 1458,  229,  230, 1469
3223,  254, 1459, 1470,  253
3224, 1459, 1460, 1471, 1470
3225, 1460, 1461, 1472, 1471
3226, 1461, 1462, 1473, 1472
3227, 1462, 1463, 1474, 1473
3228, 1463, 1464, 1475, 1474
3229, 1464, 1465, 1476, 1475
3230, 1465, 1466, 1477, 1476
3231, 1466, 1467, 1478, 1477
3232, 1467, 1468, 1479, 1478
3233, 1468, 1469, 1480, 1479
3234, 1469,  230,  231, 1480
3235,  253, 1470,  242,   19
3236, 1470, 1471,  241,  242
3237, 1471, 1472,  240,  241
3238, 1472, 1473,  239,  240
3239, 1473, 1474,  238,  239
3240, 1474, 1475,  237,  238
3241, 1475, 1476,  236,  237
3242, 1476, 1477,  235,  236
3243, 1477, 1478,  234,  235
3244, 1478, 1479,  233,  234
3245, 1479, 1480,  232,  233
3246, 1480,  231,   17,  232
3247,   20,  255, 1481,  275
3248,  255,  256, 1482, 1481
3249,  256,  257, 1483, 1482
3250,  257,  258, 1484, 1483
3251,  258,    8,  160, 1484
3252,  275, 1481, 1485,  274
3253, 1481, 1482, 1486, 1485
3254, 1482, 1483, 1487, 1486
3255, 1483, 1484, 1488, 1487
3256, 1484,  160,  159, 1488
3257,  274, 1485, 1489,  273
3258, 1485, 1486, 1490, 1489
3259, 1486, 1487, 1491, 1490
3260, 1487, 1488, 1492, 1491
3261, 1488,  159,  158, 1492
3262,  273, 1489, 1493,  272
3263, 1489, 1490, 1494, 1493
3264, 1490, 1491, 1495, 1494
3265, 1491, 1492, 1496, 1495
3266, 1492,  158,  157, 1496
3267,  272, 1493, 1497,  271
3268, 1493, 1494, 1498, 1497
3269, 1494, 1495, 1499, 1498
3270, 1495, 1496, 1500, 1499
3271, 1496,  157,  156, 1500
3272,  271, 1497, 1501,  270
3273, 1497, 1498, 1502, 1501
3274, 1498, 1499, 1503, 1502
3275, 1499, 1500, 1504, 1503
3276, 1500,  156,  155, 1504
3277,  270, 1501, 1505,  269
3278, 1501, 1502, 1506, 1505
3279, 1502, 1503, 1507, 1506
3280, 1503, 1504, 1508, 1507
3281, 1504,  155,  154, 1508
3282,  269, 1505, 1509,  268
3283, 1505, 1506, 1510, 1509
3284, 1506, 1507, 1511, 1510
3285, 1507, 1508, 1512, 1511
3286, 1508,  154,  153, 1512
3287,  268, 1509, 1513,  267
3288, 1509, 1510, 1514, 1513
3289, 1510, 1511, 1515, 1514
3290, 1511, 1512, 1516, 1515
3291, 1512,  153,  152, 1516
3292,  267, 1513, 1517,  266
3293, 1513, 1514, 1518, 1517
3294, 1514, 1515, 1519, 1518
3295, 1515, 1516, 1520, 1519
3296, 1516,  152,  151, 1520
3297,  266, 1517, 1521,  265
3298, 1517, 1518, 1522, 1521
3299, 1518, 1519, 1523, 1522
3300, 1519, 1520, 1524, 1523
3301, 1520,  151,  150, 1524
3302,  265, 1521, 1525,  264
3303, 1521, 1522, 1526, 1525
3304, 1522, 1523, 1527, 1526
3305, 1523, 1524, 1528, 1527
3306, 1524,  150,  149, 1528
3307,  264, 1525, 1529,  263
3308, 1525, 1526, 1530, 1529
3309, 1526, 1527, 1531, 1530
3310, 1527, 1528, 1532, 1531
3311, 1528,  149,  148, 1532
3312,  263, 1529,  262,   21
3313, 1529, 1530,  261,  262
3314, 1530, 1531,  260,  261
3315, 1531, 1532,  259,  260
3316, 1532,  148,    9,  259
3317,   40,   39, 1649, 1535
3318,   38,   37, 1650, 1536
3319, 1643, 1644, 1935, 1664
3320, 1967, 1762, 1672, 1966
3321, 1609,  103,  102, 1610
3322, 1599,  116,  115, 1600
3323,  118, 1553, 1540,    6
3324, 1902, 1711, 1954, 1763
3325, 1874, 1853, 1877, 1887
3326, 1764, 1929, 1936, 1691
3327, 1556,  146,  145, 1574
3328, 1954, 1867, 1844, 1802
3329, 1621,   87,   86, 1622
3330, 1648,   44,    3, 1662
3331, 1535, 1543,   41,   40
3332, 1543, 1535, 1913, 1666
3333, 1649, 1536, 1912, 1714
3334,  279,   22,  280, 1831
3335,   42,   41, 1543, 1544
3336, 1666, 1668, 1544, 1543
3337, 1891, 1882, 1881, 1905
3338,  284,   11,  171, 1891
3339,  161,   10,  285, 1899
3340, 1762, 1710, 1903, 1805
3341,   89, 1547, 1546,    5
3342,   88, 1542, 1547,   89
3343, 1542, 1960, 1669, 1547
3344, 1625,   82,   81, 1626
3345, 1670, 1632, 1633, 1705
3346, 1643,   63,   62, 1644
3347, 1646,   46,   45, 1647
3348, 1648, 1662, 1760, 1671
3349, 1850, 1871, 1833, 1979
3350, 1669, 1761, 1546, 1547
3351,    5, 1710, 1620,   90
3352, 1602,  111,  110, 1603
3353,  117, 1539, 1553,  118
3354, 1711, 1540, 1688, 1806
3355, 1844, 1867, 1884, 1878
3356,   16,  218, 1897,  292
3357, 1596,  121,  120, 1597
3358, 1674, 1585, 1586, 1732
3359, 1578,  140,  139, 1579
3360, 1574,  145,  144, 1575
3361, 1556, 1574, 1716, 1780
3362,  147, 1541, 1557,    9
3363, 1571,  261,  260, 1572
3364,  262, 1558, 1559,   21
3365, 1558, 1915, 1676, 1559
3366,  208,   15,  293, 1889
3367,   21, 1661, 1570,  263
3368, 1661, 1758, 1677, 1570
3369, 1569,  264,  263, 1570
3370, 1533,  270,  269, 1657
3371,  297,   26,  298, 1834
3372, 1561,  273,  272, 1564
3373, 1562,  275,  274, 1563
3374,  275, 1562,  301,   20
3375,  273, 1561, 1563,  274
3376, 1562, 1712,  300,  301
3377,  270, 1533, 1565,  271
3378, 1564, 1678, 1927, 1561
3379, 1659, 1764, 1793, 1834
3380, 1566,  268,  267, 1567
3381,  266, 1568, 1567,  267
3382,  265, 1560, 1568,  266
3383, 1941, 1569, 1570, 1677
3384,  264, 1569, 1560,  265
3385, 1741, 1694, 1925, 1988
3386,  261, 1571, 1558,  262
3387,    9, 1557, 1573,  259
3388, 1575,  144,  143, 1576
3389,  141, 1555, 1577,  142
3390, 1694, 1741, 1727, 1915
3391, 1579,  139,  138, 1580
3392, 1580,  138,  137, 1581
3393,  140, 1578, 1555,  141
3394, 1679, 1580, 1581, 1731
3395,  136, 1582, 1581,  137
3396,  135, 1583, 1582,  136
3397,  134, 1584, 1583,  135
3398,  133, 1585, 1584,  134
3399,  132, 1586, 1585,  133
3400,  131, 1587, 1586,  132
3401,  130, 1588, 1587,  131
3402,  129, 1589, 1588,  130
3403, 1680, 1590, 1591, 1950
3404,  128, 1590, 1589,  129
3405,  126, 1592, 1591,  127
3406,  124, 1594, 1593,  125
3407,  122, 1554, 1595,  123
3408, 1681, 1596, 1597, 1953
3409, 1597,  120,  119, 1598
3410, 1598,  119,    6, 1902
3411,  121, 1596, 1554,  122
3412, 1600,  115,  114, 1601
3413,  114,  113, 1658, 1601
3414, 1961, 1602, 1603, 1700
3415, 1603,  110,  109, 1604
3416,  111, 1602, 1552,  112
3417,  108, 1605, 1604,  109
3418, 1606, 1962, 1986, 1605
3419,  106, 1607, 1606,  107
3420,  104, 1538, 1608,  105
3421, 1610,  102,  101, 1611
3422, 1610, 1702, 1682, 1609
3423,  103, 1609, 1538,  104
3424,   99, 1613, 1612,  100
3425,   97, 1534, 1614,   98
3426, 1534,   97,   96, 1615
3427, 1551,   95,   94, 1616
3428, 1617,   93,   92, 1618
3429, 1751, 1921, 1673, 1725
3430,   93, 1617, 1616,   94
3431,   91, 1619, 1618,   92
3432, 1622,   86,   85, 1623
3433,   84, 1624, 1623,   85
3434, 1960, 1542, 1621, 1766
3435,   83, 1548, 1624,   84
3436, 1621, 1622, 1683, 1766
3437, 1626,   81,   80, 1627
3438, 1627,   80,   79, 1628
3439,   82, 1625, 1548,   83
3440, 1938, 1627, 1628, 1993
3441,   78, 1629, 1628,   79
3442,   77, 1630, 1629,   78
3443,   76, 1631, 1630,   77
3444,   75, 1632, 1631,   76
3445,   74, 1633, 1632,   75
3446,   73, 1634, 1633,   74
3447,   72, 1635, 1634,   73
3448,   71, 1636, 1635,   72
3449, 1685, 1637, 1638, 1946
3450,   70, 1637, 1636,   71
3451,   68, 1639, 1638,   69
3452,   66, 1641, 1640,   67
3453,   64, 1549, 1642,   65
3454,   63, 1643, 1549,   64
3455,    4, 1537, 1645,   61
3456, 1550, 1646, 1715, 1686
3457, 1647,   45,   44, 1648
3458,   47, 1550, 1537,    4
3459,   46, 1646, 1550,   47
3460,   39,   38, 1536, 1649
3461, 1650, 1667, 1912, 1536
3462, 1713, 1804, 1753, 1931
3463, 1651, 1650,   37,   36
3464, 1652, 1651,   36,   35
3465, 1900, 1652,   35,   34
3466, 1655, 1656, 1709, 1687
3467, 1655, 1654,   33,   32
3468, 1656, 1655,   32,   31
3469, 1656,  276,  277, 1709
3470,   31,    2,  276, 1656
3471, 1657,  269,  268, 1566
3472, 1615,   96,   95, 1551
3473, 1744, 1745, 1782, 1783
3474, 1728, 1958, 1666, 1913
3475, 1932, 1667, 1911, 1708
3476, 1701, 1969, 1986, 1962
3477, 1553, 1917, 1688, 1540
3478, 1539,  117,  116, 1599
3479, 1541, 1675, 1926, 1557
3480, 1541,  147,  146, 1556
3481, 1542,   88,   87, 1621
3482,   43,   42, 1544, 1545
3483, 1958, 1801, 1668, 1666
3484, 1757, 1795, 1760, 1901
3485,    3,   43, 1545, 1901
3486, 1863, 1895, 1821, 1820
3487, 1683, 1729, 1974, 1781
3488, 1639, 1640, 1945, 1689
3489, 1662,    3, 1901, 1760
3490, 1646, 1647, 1930, 1715
3491, 1615, 1673, 1921, 1534
3492, 1918, 1746, 1924, 1750
3493, 1924, 1539, 1599, 1750
3494, 1690, 1592, 1593, 1951
3495, 1730, 1947, 1717, 1774
3496, 1694, 1571, 1572, 1925
3497, 1800, 1676, 1915, 1727
3498, 1916, 1676, 1800, 1824
3499, 1764, 1691, 1754, 1793
3500,  300, 1712, 1659,  299
3501, 1564,  272,  271, 1565
3502, 1561, 1927, 1909, 1563
3503, 1712, 1909, 1928, 1659
3504, 1692, 1566, 1567, 1693
3505, 1939, 1657, 1566, 1692
3506, 1560, 1569, 1941, 1724
3507,  297, 1834, 1849,  296
3508, 1661,   21, 1559, 1759
3509, 1572,  260,  259, 1573
3510, 1988, 1925, 1695, 1742
3511, 1557, 1926, 1695, 1573
3512, 1576,  143,  142, 1577
3513, 1716, 1574, 1575, 1771
3514, 1696, 1577, 1555, 1947
3515, 1577, 1696, 1575, 1576
3516, 1578, 1579, 1948, 1717
3517, 1581, 1582, 1697, 1731
3518, 1697, 1984, 1775, 1731
3519, 1718, 1583, 1584, 1949
3520, 1586, 1587, 1698, 1732
3521, 1719, 1588, 1589, 1767
3522, 1590,  128,  127, 1591
3523, 1698, 1587, 1588, 1719
3524, 1592,  126,  125, 1593
3525, 1680, 1767, 1589, 1590
3526, 1592, 1690, 1950, 1591
3527, 1699, 1720, 1985, 1734
3528, 1594,  124,  123, 1595
3529, 1951, 1699, 1734, 1987
3530, 1720, 1595, 1554, 1952
3531, 1681, 1952, 1554, 1596
3532, 1952, 1756, 1822, 1797
3533, 1953, 1597, 1598, 1665
3534, 1540, 1711, 1902,    6
3535, 1763, 1954, 1802, 1665
3536, 1552, 1658,  113,  112
3537, 1601, 1658, 1552, 1726
3538, 1601, 1750, 1599, 1600
3539, 1835, 1752, 1969, 1783
3540, 1605,  108,  107, 1606
3541, 1603, 1604, 1748, 1700
3542, 1605, 1986, 1748, 1604
3543, 1607,  106,  105, 1608
3544, 1701, 1607, 1608, 1963
3545, 1964, 1538, 1609, 1682
3546, 1744, 1701, 1963, 1964
3547, 1611,  101,  100, 1612
3548, 1682, 1745, 1744, 1964
3549, 1702, 1610, 1611, 1612
3550,   99,   98, 1614, 1613
3551, 1749, 1613, 1614, 1663
3552, 1663, 1614, 1534, 1921
3553, 1725, 1617, 1618, 1965
3554, 1619,   91,   90, 1620
3555, 1551, 1616, 1673, 1615
3556, 1965, 1618, 1619, 1966
3557, 1710,    5, 1546, 1903
3558, 1624, 1548, 1704, 1703
3559, 1738, 1729, 1703, 1704
3560, 1743, 1790, 1738, 1704
3561, 1937, 1625, 1626, 1684
3562, 1993, 1628, 1629, 1777
3563, 1721, 1630, 1631, 1773
3564, 1670, 1773, 1631, 1632
3565, 1705, 1633, 1634, 1942
3566, 1635, 1636, 1943, 1722
3567, 1637,   70,   69, 1638
3568, 1705, 1942, 1778, 1809
3569, 1942, 1722, 1768, 1778
3570, 1639,   68,   67, 1640
3571, 1943, 1636, 1637, 1685
3572, 1639, 1689, 1946, 1638
3573, 1736, 1768, 1685, 1970
3574, 1740, 1970, 1689, 1945
3575, 1641,   66,   65, 1642
3576, 1945, 1706, 1977, 1740
3577, 1723, 1642, 1549, 1944
3578, 1644,   62,   61, 1645
3579, 1644, 1645, 1707, 1935
3580, 1934, 1537, 1550, 1686
3581, 1769, 1976, 1664, 1935
3582, 1651, 1652, 1708, 1911
3583, 1652, 1900, 1653, 1708
3584,   34,   33, 1654, 1900
3585, 1900, 1654, 1910, 1653
3586, 1660, 1804, 1687, 1709
3587,  278, 1660, 1709,  277
3588, 1678, 1564, 1565, 1936
3589, 1660,  278,  279, 1831
3590, 1653, 1910, 1713, 1931
3591, 1759, 1559, 1676, 1916
3592, 1810, 1758, 1794, 1842
3593, 1545, 1544, 1668, 1914
3594, 1760, 1795, 1812, 1923
3595, 1829, 1740, 1977, 1976
3596, 1549, 1643, 1664, 1944
3597, 1746, 1688, 1917, 1924
3598, 1811, 1791, 1985, 1797
3599, 1649, 1714, 1913, 1535
3600, 1796, 1957, 1956, 1955
3601, 1650, 1651, 1911, 1667
3602, 1753, 1796, 1955, 1933
3603, 1959, 1833, 1871, 1795
3604, 1914, 1757, 1901, 1545
3605, 1899, 1851, 1895, 1898
3606, 1828, 1786, 1973, 1779
3607, 1647, 1648, 1671, 1930
3608, 1747, 1663, 1921, 1751
3609, 1966, 1672, 1922, 1965
3610, 1616, 1617, 1725, 1673
3611, 1949, 1674, 1772, 1718
3612, 1585, 1674, 1949, 1584
3613, 1759, 1916, 1832, 1794
3614, 1675, 1541, 1556, 1780
3615, 1759, 1794, 1758, 1661
3616, 1825, 1755, 1798, 1819
3617, 1533, 1691, 1936, 1565
3618, 1533, 1657, 1939, 1691
3619, 1580, 1679, 1948, 1579
3620, 1797, 1985, 1720, 1952
3621, 1750, 1601, 1726, 1918
3622, 1552, 1602, 1961, 1726
3623, 1969, 1701, 1744, 1783
3624, 1613, 1749, 1702, 1612
3625, 1683, 1622, 1623, 1729
3626, 1743, 1684, 1735, 1789
3627, 1626, 1627, 1938, 1684
3628, 1768, 1722, 1943, 1685
3629, 1715, 1930, 1779, 1973
3630, 1713, 1910, 1687, 1804
3631, 1655, 1687, 1910, 1654
3632, 1746, 1918, 1792, 1803
3633, 1640, 1641, 1706, 1945
3634, 1733, 1680, 1950, 1690
3635, 1594, 1699, 1951, 1593
3636, 1692, 1693, 1755, 1754
3637, 1568, 1940, 1693, 1567
3638, 1693, 1940, 1798, 1755
3639, 1560, 1724, 1940, 1568
3640, 1925, 1572, 1573, 1695
3641, 1926, 1989, 1742, 1695
3642, 1696, 1947, 1730, 1994
3643, 1578, 1717, 1947, 1555
3644, 1847, 1730, 1774, 1980
3645, 1583, 1718, 1697, 1582
3646, 1595, 1720, 1699, 1594
3647, 1752, 1961, 1700, 1969
3648, 1963, 1608, 1538, 1964
3649, 1749, 1663, 1747, 1836
3650, 1729, 1623, 1624, 1703
3651, 1704, 1548, 1625, 1937
3652, 1629, 1630, 1721, 1777
3653, 1635, 1722, 1942, 1634
3654, 1641, 1642, 1723, 1706
3655, 1934, 1707, 1645, 1537
3656, 1653, 1931, 1932, 1708
3657, 1761, 1821, 1903, 1546
3658, 1851, 1762, 1805, 1895
3659, 1867, 1885, 1897, 1884
3660, 1665, 1598, 1902, 1763
3661, 1831, 1893, 1861, 1823
3662, 1712, 1562, 1563, 1909
3663, 1978, 1801, 1958, 1728
3664, 1781, 1960, 1766, 1683
3665, 1770, 1671, 1760, 1923
3666, 1934, 1737, 1975, 1707
3667, 1771, 1992, 1780, 1716
3668, 1848, 1847, 1980, 1807
3669, 1814, 1772, 1808, 1991
3670, 1995, 1767, 1990, 1996
3671, 1987, 1733, 1690, 1951
3672, 1981, 1827, 1789, 1735
3673, 1946, 1689, 1970, 1685
3674, 1768, 1736, 1815, 1778
3675, 1935, 1707, 1975, 1769
3676, 1970, 1740, 1785, 1736
3677, 1765, 1677, 1758, 1810
3678, 1907, 1672, 1762, 1851
3679, 1726, 1961, 1752, 1918
3680, 1832, 1916, 1824, 1862
3681, 1771, 1575, 1696, 1994
3682, 1731, 1775, 1807, 1980
3683, 1679, 1731, 1980, 1948
3684, 1808, 1732, 1698, 2001
3685, 2003, 1996, 1990, 1998
3686, 1860, 1811, 1797, 1822
3687, 1789, 1841, 1790, 1743
3688, 1684, 1938, 1993, 1735
3689, 1670, 1705, 1809, 1773
3690, 1815, 1736, 1785, 1870
3691, 1739, 1737, 1934, 1686
3692, 1972, 1845, 1839, 1826
3693, 1743, 1704, 1937, 1684
3694, 1786, 1737, 1739, 1973
3695, 1976, 1977, 1944, 1664
3696, 1839, 1855, 1829, 1826
3697, 1788, 1989, 1830, 1840
3698, 1838, 1816, 1790, 1841
3699,  289, 1835, 1783,   24
3700, 1702, 1749, 1745, 1682
3701,   24, 1783, 1782,  288
3702, 1806, 1803, 1885, 1867
3703, 1749, 1836, 1782, 1745
3704, 1752, 1835, 1792, 1918
3705, 1747, 1799,   23, 1836
3706, 1751, 1725, 1965, 1922
3707, 1753, 1968, 1823, 1796
3708, 1755, 1825, 1793, 1754
3709, 1754, 1691, 1939, 1692
3710, 1724, 1765, 1798, 1940
3711, 1850, 1883, 1881, 1871
3712, 1842, 1794, 1832, 1872
3713, 1787, 1800, 1727, 1788
3714, 1960, 1781, 1761, 1669
3715, 1761, 1781, 1820, 1821
3716, 1803, 1806, 1688, 1746
3717, 1764, 1659, 1928, 1929
3718, 1941, 1677, 1765, 1724
3719, 1974, 1784, 1820, 1781
3720, 1880, 1863, 1816, 1838
3721, 1719, 1767, 1995, 1776
3722, 1826, 1769, 1786, 1828
3723, 1770, 1779, 1930, 1671
3724, 1876, 1852, 1817, 1840
3725, 1856, 1846, 1814, 1991
3726, 1984, 1772, 1814, 1775
3727, 1875, 1838, 1841, 1859
3728, 1980, 1774, 1717, 1948
3729, 1776, 2004, 2002, 2001
3730, 1698, 1719, 1776, 2001
3731, 1773, 1809, 1827, 1981
3732, 1993, 1777, 1721, 1735
3733, 1828, 1779, 1770, 1971
3734, 1769, 1826, 1829, 1976
3735, 1675, 1830, 1989, 1926
3736, 1836,   23,  288, 1782
3737, 1799, 1747, 1751, 1922
3738, 1729, 1738, 1784, 1974
3739, 1778, 1815, 1868, 1857
3740, 1869, 1879,  167,  166
3741, 1824, 1800, 1787, 1817
3742, 1727, 1741, 1988, 1788
3743, 1830, 1675, 1780, 1992
3744, 1784, 1738, 1790, 1816
3745, 1991, 1813, 1837, 1856
3746, 1997, 1791, 1999, 2000
3747, 1792,   25,  290, 1803
3748, 1849, 1834, 1793, 1825
3749,  298,  299, 1659, 1834
3750, 1853, 1874, 1819, 1810
3751, 1959, 1914, 1668, 1801
3752, 1865, 1854, 1923, 1812
3753, 1850, 1979, 1983, 1818
3754, 1957, 1728, 1913, 1714
3755, 1756, 1802, 1844, 1822
3756, 1765, 1810, 1819, 1798
3757,  287,   23, 1799, 1907
3758, 1824, 1817, 1852, 1862
3759, 1818, 1983, 1978, 1796
3760, 1860, 1878, 1873, 1837
3761, 1953, 1665, 1802, 1756
3762, 1803,  290,  291, 1885
3763, 1968, 1660, 1831, 1823
3764, 1823, 1861, 1818, 1796
3765, 1907, 1851,  286,  287
3766, 1806, 1867, 1954, 1711
3767, 1810, 1842, 1877, 1853
3768, 1908, 1873,  215,  214
3769, 1734, 1985, 1791, 1997
3770, 1971, 1770, 1923, 1854
3771, 1811, 1813, 1999, 1791
3772, 1807, 1846, 1864, 1848
3773, 1908, 1864, 1846, 1856
3774, 1775, 1814, 1846, 1807
3775, 1829, 1855, 1785, 1740
3776,  165, 1875, 1892,  166
3777, 1789, 1827, 1859, 1841
3778,  210, 1888, 1906,  211
3779, 1787, 1788, 1840, 1817
3780, 1883, 1861, 1893, 1904
3781,  295,  296, 1849, 1874
3782, 1922, 1672, 1907, 1799
3783, 1898, 1895, 1863, 1880
3784, 1903, 1821, 1895, 1805
3785, 1860, 1822, 1844, 1878
3786, 1862, 1852, 1888, 1886
3787, 1849, 1825, 1819, 1874
3788, 1773, 1981, 1735, 1721
3789, 1857, 1827, 1809, 1778
3790, 1896, 1879, 1839, 1845
3791, 1879, 1869, 1855, 1839
3792, 1989, 1788, 1988, 1742
3793, 1982, 1858, 1840, 1830
3794, 1919, 1862, 1886, 1889
3795, 1881, 1882, 1843, 1871
3796, 1959, 1795, 1757, 1914
3797, 1835,  289,   25, 1792
3798, 1908, 1856, 1837, 1873
3799, 1837, 1813, 1811, 1860
3800, 1838,  164,  163, 1880
3801,  212,  211, 1906, 1866
3802, 1827, 1857, 1868, 1859
3803, 1868, 1892, 1875, 1859
3804, 1865, 1890, 1894, 1854
3805, 1843, 1812, 1795, 1871
3806, 1873, 1878,  216,  215
3807, 1894, 1896, 1845, 1854
3808, 1866, 1864,  213,  212
3809, 1848, 1864, 1866, 1920
3810, 1876, 1920, 1866, 1906
3811, 1982, 1730, 1847, 1858
3812, 1850, 1818, 1861, 1883
3813, 1905, 1904,  282,  283
3814,  285,  286, 1851, 1899
3815,  210,  209, 1886, 1888
3816, 1877, 1842, 1872, 1919
3817, 1870, 1785, 1855, 1869
3818, 1898, 1880,  163,  162
3819, 1784, 1816, 1863, 1820
3820, 1858, 1920, 1876, 1840
3821, 1904, 1893,  281,  282
3822, 1886,  209,  208, 1889
3823, 1898,  162,  161, 1899
3824, 1890, 1865, 1882, 1891
3825, 1869,  166, 1892, 1870
3826, 1875,  165,  164, 1838
3827, 1868, 1815, 1870, 1892
3828,  295, 1874, 1887,  294
3829, 1896, 1894,  169,  168
3830, 1971, 1854, 1845, 1972
3831, 1887, 1889,  293,  294
3832, 1877, 1919, 1889, 1887
3833,  217,  216, 1878, 1884
3834,  168,  167, 1879, 1896
3835, 1890, 1891,  171,  170
3836, 1843, 1882, 1865, 1812
3837,  218,  217, 1884, 1897
3838, 1885,  291,  292, 1897
3839,  170,  169, 1894, 1890
3840, 1906, 1888, 1852, 1876
3841,  284, 1891, 1905,  283
3842,  281, 1893, 1831,  280
3843,  214,  213, 1864, 1908
3844, 1881, 1883, 1904, 1905
3845, 1929, 1927, 1678, 1936
3846, 1912, 1667, 1955, 1956
3847, 1915, 1558, 1571, 1694
3848, 1917, 1553, 1539, 1924
3849, 1862, 1919, 1872, 1832
3850, 1920, 1858, 1847, 1848
3851, 1929, 1928, 1909, 1927
3852, 1932, 1933, 1955, 1667
3853, 1931, 1753, 1933, 1932
3854, 1681, 1953, 1756, 1952
3855, 1714, 1912, 1956, 1957
3856, 1959, 1801, 1979, 1833
3857, 1962, 1606, 1607, 1701
3858, 1966, 1619, 1620, 1967
3859, 1620, 1710, 1762, 1967
3860, 1804, 1660, 1968, 1753
3861, 1700, 1748, 1986, 1969
3862, 1972, 1826, 1828, 1971
3863, 1973, 1739, 1686, 1715
3864, 1723, 1944, 1977, 1706
3865, 1978, 1728, 1957, 1796
3866, 1983, 1979, 1801, 1978
3867, 1984, 1697, 1718, 1772
3868, 1737, 1786, 1769, 1975
3869, 1734, 1997, 1998, 1987
3870, 1982, 1830, 1992, 1771
3871, 1990, 1767, 1680, 1733
3872, 1998, 1997, 2000, 2003
3873, 1674, 1732, 1808, 1772
3874, 1991, 1808, 2001, 2002
3875, 1982, 1771, 1994, 1730
3876, 1999, 2002, 2004, 2000
3877, 2002, 1999, 1813, 1991
3878, 1998, 1990, 1733, 1987
3879, 2004, 1996, 2003, 2000
3880, 1995, 1996, 2004, 1776
