 1,   1,  27, 302,  60
 2,  27,  28, 303, 302
 3,  28,  29, 304, 303
 4,  29,  30, 305, 304
 5,  30,   2,  31, 305
 6,  60, 302, 306,  59
 7, 302, 303, 307, 306
 8, 303, 304, 308, 307
 9, 304, 305, 309, 308
10, 305,  31,  32, 309
11,  59, 306, 310,  58
12, 306, 307, 311, 310
13, 307, 308, 312, 311
14, 308, 309, 313, 312
15, 309,  32,  33, 313
16,  58, 310, 314,  57
17, 310, 311, 315, 314
18, 311, 312, 316, 315
19, 312, 313, 317, 316
20, 313,  33,  34, 317
21,  57, 314, 318,  56
22, 314, 315, 319, 318
23, 315, 316, 320, 319
24, 316, 317, 321, 320
25, 317,  34,  35, 321
26,  56, 318, 322,  55
27, 318, 319, 323, 322
28, 319, 320, 324, 323
29, 320, 321, 325, 324
30, 321,  35,  36, 325
31,  55, 322, 326,  54
32, 322, 323, 327, 326
33, 323, 324, 328, 327
34, 324, 325, 329, 328
35, 325,  36,  37, 329
36,  54, 326, 330,  53
37, 326, 327, 331, 330
38, 327, 328, 332, 331
39, 328, 329, 333, 332
40, 329,  37,  38, 333
41,  53, 330, 334,  52
42, 330, 331, 335, 334
43, 331, 332, 336, 335
44, 332, 333, 337, 336
45, 333,  38,  39, 337
46,  52, 334, 338,  51
47, 334, 335, 339, 338
48, 335, 336, 340, 339
49, 336, 337, 341, 340
50, 337,  39,  40, 341
51,  51, 338, 342,  50
52, 338, 339, 343, 342
53, 339, 340, 344, 343
54, 340, 341, 345, 344
55, 341,  40,  41, 345
56,  50, 342, 346,  49
57, 342, 343, 347, 346
58, 343, 344, 348, 347
59, 344, 345, 349, 348
60, 345,  41,  42, 349
61,  49, 346, 350,  48
62, 346, 347, 351, 350
63, 347, 348, 352, 351
64, 348, 349, 353, 352
65, 349,  42,  43, 353
66,  48, 350,  47,   4
67, 350, 351,  46,  47
68, 351, 352,  45,  46
69, 352, 353,  44,  45
70, 353,  43,   3,  44
 71,    4,   61,  354,   48
 72,   61,   62,  355,  354
 73,   62,   63,  356,  355
 74,   63,   64,  357,  356
 75,   64,   65,  358,  357
 76,   65,   66,  359,  358
 77,   66,   67,  360,  359
 78,   67,   68,  361,  360
 79,   68,   69,  362,  361
 80,   69,   70,  363,  362
 81,   70,   71,  364,  363
 82,   71,   72,  365,  364
 83,   72,   73,  366,  365
 84,   73,   74,  367,  366
 85,   74,   75,  368,  367
 86,   75,   76,  369,  368
 87,   76,   77,  370,  369
 88,   77,   78,  371,  370
 89,   78,   79,  372,  371
 90,   79,   80,  373,  372
 91,   80,   81,  374,  373
 92,   81,   82,  375,  374
 93,   82,   83,  376,  375
 94,   83,   84,  377,  376
 95,   84,   85,  378,  377
 96,   85,   86,  379,  378
 97,   86,   87,  380,  379
 98,   87,   88,  381,  380
 99,   88,   89,  382,  381
100,   89,    5,   90,  382
101,   48,  354,  383,   49
102,  354,  355,  384,  383
103,  355,  356,  385,  384
104,  356,  357,  386,  385
105,  357,  358,  387,  386
106,  358,  359,  388,  387
107,  359,  360,  389,  388
108,  360,  361,  390,  389
109,  361,  362,  391,  390
110,  362,  363,  392,  391
111,  363,  364,  393,  392
112,  364,  365,  394,  393
113,  365,  366,  395,  394
114,  366,  367,  396,  395
115,  367,  368,  397,  396
116,  368,  369,  398,  397
117,  369,  370,  399,  398
118,  370,  371,  400,  399
119,  371,  372,  401,  400
120,  372,  373,  402,  401
121,  373,  374,  403,  402
122,  374,  375,  404,  403
123,  375,  376,  405,  404
124,  376,  377,  406,  405
125,  377,  378,  407,  406
126,  378,  379,  408,  407
127,  379,  380,  409,  408
128,  380,  381,  410,  409
129,  381,  382,  411,  410
130,  382,   90,   91,  411
131,   49,  383,  412,   50
132,  383,  384,  413,  412
133,  384,  385,  414,  413
134,  385,  386,  415,  414
135,  386,  387,  416,  415
136,  387,  388,  417,  416
137,  388,  389,  418,  417
138,  389,  390,  419,  418
139,  390,  391,  420,  419
140,  391,  392,  421,  420
141,  392,  393,  422,  421
142,  393,  394,  423,  422
143,  394,  395,  424,  423
144,  395,  396,  425,  424
145,  396,  397,  426,  425
146,  397,  398,  427,  426
147,  398,  399,  428,  427
148,  399,  400,  429,  428
149,  400,  401,  430,  429
150,  401,  402,  431,  430
151,  402,  403,  432,  431
152,  403,  404,  433,  432
153,  404,  405,  434,  433
154,  405,  406,  435,  434
155,  406,  407,  436,  435
156,  407,  408,  437,  436
157,  408,  409,  438,  437
158,  409,  410,  439,  438
159,  410,  411,  440,  439
160,  411,   91,   92,  440
161,   50,  412,  441,   51
162,  412,  413,  442,  441
163,  413,  414,  443,  442
164,  414,  415,  444,  443
165,  415,  416,  445,  444
166,  416,  417,  446,  445
167,  417,  418,  447,  446
168,  418,  419,  448,  447
169,  419,  420,  449,  448
170,  420,  421,  450,  449
171,  421,  422,  451,  450
172,  422,  423,  452,  451
173,  423,  424,  453,  452
174,  424,  425,  454,  453
175,  425,  426,  455,  454
176,  426,  427,  456,  455
177,  427,  428,  457,  456
178,  428,  429,  458,  457
179,  429,  430,  459,  458
180,  430,  431,  460,  459
181,  431,  432,  461,  460
182,  432,  433,  462,  461
183,  433,  434,  463,  462
184,  434,  435,  464,  463
185,  435,  436,  465,  464
186,  436,  437,  466,  465
187,  437,  438,  467,  466
188,  438,  439,  468,  467
189,  439,  440,  469,  468
190,  440,   92,   93,  469
191,   51,  441,  470,   52
192,  441,  442,  471,  470
193,  442,  443,  472,  471
194,  443,  444,  473,  472
195,  444,  445,  474,  473
196,  445,  446,  475,  474
197,  446,  447,  476,  475
198,  447,  448,  477,  476
199,  448,  449,  478,  477
200,  449,  450,  479,  478
201,  450,  451,  480,  479
202,  451,  452,  481,  480
203,  452,  453,  482,  481
204,  453,  454,  483,  482
205,  454,  455,  484,  483
206,  455,  456,  485,  484
207,  456,  457,  486,  485
208,  457,  458,  487,  486
209,  458,  459,  488,  487
210,  459,  460,  489,  488
211,  460,  461,  490,  489
212,  461,  462,  491,  490
213,  462,  463,  492,  491
214,  463,  464,  493,  492
215,  464,  465,  494,  493
216,  465,  466,  495,  494
217,  466,  467,  496,  495
218,  467,  468,  497,  496
219,  468,  469,  498,  497
220,  469,   93,   94,  498
221,   52,  470,  499,   53
222,  470,  471,  500,  499
223,  471,  472,  501,  500
224,  472,  473,  502,  501
225,  473,  474,  503,  502
226,  474,  475,  504,  503
227,  475,  476,  505,  504
228,  476,  477,  506,  505
229,  477,  478,  507,  506
230,  478,  479,  508,  507
231,  479,  480,  509,  508
232,  480,  481,  510,  509
233,  481,  482,  511,  510
234,  482,  483,  512,  511
235,  483,  484,  513,  512
236,  484,  485,  514,  513
237,  485,  486,  515,  514
238,  486,  487,  516,  515
239,  487,  488,  517,  516
240,  488,  489,  518,  517
241,  489,  490,  519,  518
242,  490,  491,  520,  519
243,  491,  492,  521,  520
244,  492,  493,  522,  521
245,  493,  494,  523,  522
246,  494,  495,  524,  523
247,  495,  496,  525,  524
248,  496,  497,  526,  525
249,  497,  498,  527,  526
250,  498,   94,   95,  527
251,   53,  499,  528,   54
252,  499,  500,  529,  528
253,  500,  501,  530,  529
254,  501,  502,  531,  530
255,  502,  503,  532,  531
256,  503,  504,  533,  532
257,  504,  505,  534,  533
258,  505,  506,  535,  534
259,  506,  507,  536,  535
260,  507,  508,  537,  536
261,  508,  509,  538,  537
262,  509,  510,  539,  538
263,  510,  511,  540,  539
264,  511,  512,  541,  540
265,  512,  513,  542,  541
266,  513,  514,  543,  542
267,  514,  515,  544,  543
268,  515,  516,  545,  544
269,  516,  517,  546,  545
270,  517,  518,  547,  546
271,  518,  519,  548,  547
272,  519,  520,  549,  548
273,  520,  521,  550,  549
274,  521,  522,  551,  550
275,  522,  523,  552,  551
276,  523,  524,  553,  552
277,  524,  525,  554,  553
278,  525,  526,  555,  554
279,  526,  527,  556,  555
280,  527,   95,   96,  556
281,   54,  528,  557,   55
282,  528,  529,  558,  557
283,  529,  530,  559,  558
284,  530,  531,  560,  559
285,  531,  532,  561,  560
286,  532,  533,  562,  561
287,  533,  534,  563,  562
288,  534,  535,  564,  563
289,  535,  536,  565,  564
290,  536,  537,  566,  565
291,  537,  538,  567,  566
292,  538,  539,  568,  567
293,  539,  540,  569,  568
294,  540,  541,  570,  569
295,  541,  542,  571,  570
296,  542,  543,  572,  571
297,  543,  544,  573,  572
298,  544,  545,  574,  573
299,  545,  546,  575,  574
300,  546,  547,  576,  575
301,  547,  548,  577,  576
302,  548,  549,  578,  577
303,  549,  550,  579,  578
304,  550,  551,  580,  579
305,  551,  552,  581,  580
306,  552,  553,  582,  581
307,  553,  554,  583,  582
308,  554,  555,  584,  583
309,  555,  556,  585,  584
310,  556,   96,   97,  585
311,   55,  557,  586,   56
312,  557,  558,  587,  586
313,  558,  559,  588,  587
314,  559,  560,  589,  588
315,  560,  561,  590,  589
316,  561,  562,  591,  590
317,  562,  563,  592,  591
318,  563,  564,  593,  592
319,  564,  565,  594,  593
320,  565,  566,  595,  594
321,  566,  567,  596,  595
322,  567,  568,  597,  596
323,  568,  569,  598,  597
324,  569,  570,  599,  598
325,  570,  571,  600,  599
326,  571,  572,  601,  600
327,  572,  573,  602,  601
328,  573,  574,  603,  602
329,  574,  575,  604,  603
330,  575,  576,  605,  604
331,  576,  577,  606,  605
332,  577,  578,  607,  606
333,  578,  579,  608,  607
334,  579,  580,  609,  608
335,  580,  581,  610,  609
336,  581,  582,  611,  610
337,  582,  583,  612,  611
338,  583,  584,  613,  612
339,  584,  585,  614,  613
340,  585,   97,   98,  614
341,   56,  586,  615,   57
342,  586,  587,  616,  615
343,  587,  588,  617,  616
344,  588,  589,  618,  617
345,  589,  590,  619,  618
346,  590,  591,  620,  619
347,  591,  592,  621,  620
348,  592,  593,  622,  621
349,  593,  594,  623,  622
350,  594,  595,  624,  623
351,  595,  596,  625,  624
352,  596,  597,  626,  625
353,  597,  598,  627,  626
354,  598,  599,  628,  627
355,  599,  600,  629,  628
356,  600,  601,  630,  629
357,  601,  602,  631,  630
358,  602,  603,  632,  631
359,  603,  604,  633,  632
360,  604,  605,  634,  633
361,  605,  606,  635,  634
362,  606,  607,  636,  635
363,  607,  608,  637,  636
364,  608,  609,  638,  637
365,  609,  610,  639,  638
366,  610,  611,  640,  639
367,  611,  612,  641,  640
368,  612,  613,  642,  641
369,  613,  614,  643,  642
370,  614,   98,   99,  643
371,   57,  615,  644,   58
372,  615,  616,  645,  644
373,  616,  617,  646,  645
374,  617,  618,  647,  646
375,  618,  619,  648,  647
376,  619,  620,  649,  648
377,  620,  621,  650,  649
378,  621,  622,  651,  650
379,  622,  623,  652,  651
380,  623,  624,  653,  652
381,  624,  625,  654,  653
382,  625,  626,  655,  654
383,  626,  627,  656,  655
384,  627,  628,  657,  656
385,  628,  629,  658,  657
386,  629,  630,  659,  658
387,  630,  631,  660,  659
388,  631,  632,  661,  660
389,  632,  633,  662,  661
390,  633,  634,  663,  662
391,  634,  635,  664,  663
392,  635,  636,  665,  664
393,  636,  637,  666,  665
394,  637,  638,  667,  666
395,  638,  639,  668,  667
396,  639,  640,  669,  668
397,  640,  641,  670,  669
398,  641,  642,  671,  670
399,  642,  643,  672,  671
400,  643,   99,  100,  672
401,   58,  644,  673,   59
402,  644,  645,  674,  673
403,  645,  646,  675,  674
404,  646,  647,  676,  675
405,  647,  648,  677,  676
406,  648,  649,  678,  677
407,  649,  650,  679,  678
408,  650,  651,  680,  679
409,  651,  652,  681,  680
410,  652,  653,  682,  681
411,  653,  654,  683,  682
412,  654,  655,  684,  683
413,  655,  656,  685,  684
414,  656,  657,  686,  685
415,  657,  658,  687,  686
416,  658,  659,  688,  687
417,  659,  660,  689,  688
418,  660,  661,  690,  689
419,  661,  662,  691,  690
420,  662,  663,  692,  691
421,  663,  664,  693,  692
422,  664,  665,  694,  693
423,  665,  666,  695,  694
424,  666,  667,  696,  695
425,  667,  668,  697,  696
426,  668,  669,  698,  697
427,  669,  670,  699,  698
428,  670,  671,  700,  699
429,  671,  672,  701,  700
430,  672,  100,  101,  701
431,   59,  673,  702,   60
432,  673,  674,  703,  702
433,  674,  675,  704,  703
434,  675,  676,  705,  704
435,  676,  677,  706,  705
436,  677,  678,  707,  706
437,  678,  679,  708,  707
438,  679,  680,  709,  708
439,  680,  681,  710,  709
440,  681,  682,  711,  710
441,  682,  683,  712,  711
442,  683,  684,  713,  712
443,  684,  685,  714,  713
444,  685,  686,  715,  714
445,  686,  687,  716,  715
446,  687,  688,  717,  716
447,  688,  689,  718,  717
448,  689,  690,  719,  718
449,  690,  691,  720,  719
450,  691,  692,  721,  720
451,  692,  693,  722,  721
452,  693,  694,  723,  722
453,  694,  695,  724,  723
454,  695,  696,  725,  724
455,  696,  697,  726,  725
456,  697,  698,  727,  726
457,  698,  699,  728,  727
458,  699,  700,  729,  728
459,  700,  701,  730,  729
460,  701,  101,  102,  730
461,   60,  702,  731,    1
462,  702,  703,  732,  731
463,  703,  704,  733,  732
464,  704,  705,  734,  733
465,  705,  706,  735,  734
466,  706,  707,  736,  735
467,  707,  708,  737,  736
468,  708,  709,  738,  737
469,  709,  710,  739,  738
470,  710,  711,  740,  739
471,  711,  712,  741,  740
472,  712,  713,  742,  741
473,  713,  714,  743,  742
474,  714,  715,  744,  743
475,  715,  716,  745,  744
476,  716,  717,  746,  745
477,  717,  718,  747,  746
478,  718,  719,  748,  747
479,  719,  720,  749,  748
480,  720,  721,  750,  749
481,  721,  722,  751,  750
482,  722,  723,  752,  751
483,  723,  724,  753,  752
484,  724,  725,  754,  753
485,  725,  726,  755,  754
486,  726,  727,  756,  755
487,  727,  728,  757,  756
488,  728,  729,  758,  757
489,  729,  730,  759,  758
490,  730,  102,  103,  759
491,    1,  731,  760,    7
492,  731,  732,  761,  760
493,  732,  733,  762,  761
494,  733,  734,  763,  762
495,  734,  735,  764,  763
496,  735,  736,  765,  764
497,  736,  737,  766,  765
498,  737,  738,  767,  766
499,  738,  739,  768,  767
500,  739,  740,  769,  768
501,  740,  741,  770,  769
502,  741,  742,  771,  770
503,  742,  743,  772,  771
504,  743,  744,  773,  772
505,  744,  745,  774,  773
506,  745,  746,  775,  774
507,  746,  747,  776,  775
508,  747,  748,  777,  776
509,  748,  749,  778,  777
510,  749,  750,  779,  778
511,  750,  751,  780,  779
512,  751,  752,  781,  780
513,  752,  753,  782,  781
514,  753,  754,  783,  782
515,  754,  755,  784,  783
516,  755,  756,  785,  784
517,  756,  757,  786,  785
518,  757,  758,  787,  786
519,  758,  759,  788,  787
520,  759,  103,  104,  788
521,    7,  760,  789,    8
522,  760,  761,  790,  789
523,  761,  762,  791,  790
524,  762,  763,  792,  791
525,  763,  764,  793,  792
526,  764,  765,  794,  793
527,  765,  766,  795,  794
528,  766,  767,  796,  795
529,  767,  768,  797,  796
530,  768,  769,  798,  797
531,  769,  770,  799,  798
532,  770,  771,  800,  799
533,  771,  772,  801,  800
534,  772,  773,  802,  801
535,  773,  774,  803,  802
536,  774,  775,  804,  803
537,  775,  776,  805,  804
538,  776,  777,  806,  805
539,  777,  778,  807,  806
540,  778,  779,  808,  807
541,  779,  780,  809,  808
542,  780,  781,  810,  809
543,  781,  782,  811,  810
544,  782,  783,  812,  811
545,  783,  784,  813,  812
546,  784,  785,  814,  813
547,  785,  786,  815,  814
548,  786,  787,  816,  815
549,  787,  788,  817,  816
550,  788,  104,  105,  817
551,    8,  789,  818,  160
552,  789,  790,  819,  818
553,  790,  791,  820,  819
554,  791,  792,  821,  820
555,  792,  793,  822,  821
556,  793,  794,  823,  822
557,  794,  795,  824,  823
558,  795,  796,  825,  824
559,  796,  797,  826,  825
560,  797,  798,  827,  826
561,  798,  799,  828,  827
562,  799,  800,  829,  828
563,  800,  801,  830,  829
564,  801,  802,  831,  830
565,  802,  803,  832,  831
566,  803,  804,  833,  832
567,  804,  805,  834,  833
568,  805,  806,  835,  834
569,  806,  807,  836,  835
570,  807,  808,  837,  836
571,  808,  809,  838,  837
572,  809,  810,  839,  838
573,  810,  811,  840,  839
574,  811,  812,  841,  840
575,  812,  813,  842,  841
576,  813,  814,  843,  842
577,  814,  815,  844,  843
578,  815,  816,  845,  844
579,  816,  817,  846,  845
580,  817,  105,  106,  846
581,  160,  818,  847,  159
582,  818,  819,  848,  847
583,  819,  820,  849,  848
584,  820,  821,  850,  849
585,  821,  822,  851,  850
586,  822,  823,  852,  851
587,  823,  824,  853,  852
588,  824,  825,  854,  853
589,  825,  826,  855,  854
590,  826,  827,  856,  855
591,  827,  828,  857,  856
592,  828,  829,  858,  857
593,  829,  830,  859,  858
594,  830,  831,  860,  859
595,  831,  832,  861,  860
596,  832,  833,  862,  861
597,  833,  834,  863,  862
598,  834,  835,  864,  863
599,  835,  836,  865,  864
600,  836,  837,  866,  865
601,  837,  838,  867,  866
602,  838,  839,  868,  867
603,  839,  840,  869,  868
604,  840,  841,  870,  869
605,  841,  842,  871,  870
606,  842,  843,  872,  871
607,  843,  844,  873,  872
608,  844,  845,  874,  873
609,  845,  846,  875,  874
610,  846,  106,  107,  875
611,  159,  847,  876,  158
612,  847,  848,  877,  876
613,  848,  849,  878,  877
614,  849,  850,  879,  878
615,  850,  851,  880,  879
616,  851,  852,  881,  880
617,  852,  853,  882,  881
618,  853,  854,  883,  882
619,  854,  855,  884,  883
620,  855,  856,  885,  884
621,  856,  857,  886,  885
622,  857,  858,  887,  886
623,  858,  859,  888,  887
624,  859,  860,  889,  888
625,  860,  861,  890,  889
626,  861,  862,  891,  890
627,  862,  863,  892,  891
628,  863,  864,  893,  892
629,  864,  865,  894,  893
630,  865,  866,  895,  894
631,  866,  867,  896,  895
632,  867,  868,  897,  896
633,  868,  869,  898,  897
634,  869,  870,  899,  898
635,  870,  871,  900,  899
636,  871,  872,  901,  900
637,  872,  873,  902,  901
638,  873,  874,  903,  902
639,  874,  875,  904,  903
640,  875,  107,  108,  904
641,  158,  876,  905,  157
642,  876,  877,  906,  905
643,  877,  878,  907,  906
644,  878,  879,  908,  907
645,  879,  880,  909,  908
646,  880,  881,  910,  909
647,  881,  882,  911,  910
648,  882,  883,  912,  911
649,  883,  884,  913,  912
650,  884,  885,  914,  913
651,  885,  886,  915,  914
652,  886,  887,  916,  915
653,  887,  888,  917,  916
654,  888,  889,  918,  917
655,  889,  890,  919,  918
656,  890,  891,  920,  919
657,  891,  892,  921,  920
658,  892,  893,  922,  921
659,  893,  894,  923,  922
660,  894,  895,  924,  923
661,  895,  896,  925,  924
662,  896,  897,  926,  925
663,  897,  898,  927,  926
664,  898,  899,  928,  927
665,  899,  900,  929,  928
666,  900,  901,  930,  929
667,  901,  902,  931,  930
668,  902,  903,  932,  931
669,  903,  904,  933,  932
670,  904,  108,  109,  933
671,  157,  905,  934,  156
672,  905,  906,  935,  934
673,  906,  907,  936,  935
674,  907,  908,  937,  936
675,  908,  909,  938,  937
676,  909,  910,  939,  938
677,  910,  911,  940,  939
678,  911,  912,  941,  940
679,  912,  913,  942,  941
680,  913,  914,  943,  942
681,  914,  915,  944,  943
682,  915,  916,  945,  944
683,  916,  917,  946,  945
684,  917,  918,  947,  946
685,  918,  919,  948,  947
686,  919,  920,  949,  948
687,  920,  921,  950,  949
688,  921,  922,  951,  950
689,  922,  923,  952,  951
690,  923,  924,  953,  952
691,  924,  925,  954,  953
692,  925,  926,  955,  954
693,  926,  927,  956,  955
694,  927,  928,  957,  956
695,  928,  929,  958,  957
696,  929,  930,  959,  958
697,  930,  931,  960,  959
698,  931,  932,  961,  960
699,  932,  933,  962,  961
700,  933,  109,  110,  962
701,  156,  934,  963,  155
702,  934,  935,  964,  963
703,  935,  936,  965,  964
704,  936,  937,  966,  965
705,  937,  938,  967,  966
706,  938,  939,  968,  967
707,  939,  940,  969,  968
708,  940,  941,  970,  969
709,  941,  942,  971,  970
710,  942,  943,  972,  971
711,  943,  944,  973,  972
712,  944,  945,  974,  973
713,  945,  946,  975,  974
714,  946,  947,  976,  975
715,  947,  948,  977,  976
716,  948,  949,  978,  977
717,  949,  950,  979,  978
718,  950,  951,  980,  979
719,  951,  952,  981,  980
720,  952,  953,  982,  981
721,  953,  954,  983,  982
722,  954,  955,  984,  983
723,  955,  956,  985,  984
724,  956,  957,  986,  985
725,  957,  958,  987,  986
726,  958,  959,  988,  987
727,  959,  960,  989,  988
728,  960,  961,  990,  989
729,  961,  962,  991,  990
730,  962,  110,  111,  991
731,  155,  963,  992,  154
732,  963,  964,  993,  992
733,  964,  965,  994,  993
734,  965,  966,  995,  994
735,  966,  967,  996,  995
736,  967,  968,  997,  996
737,  968,  969,  998,  997
738,  969,  970,  999,  998
739,  970,  971, 1000,  999
740,  971,  972, 1001, 1000
741,  972,  973, 1002, 1001
742,  973,  974, 1003, 1002
743,  974,  975, 1004, 1003
744,  975,  976, 1005, 1004
745,  976,  977, 1006, 1005
746,  977,  978, 1007, 1006
747,  978,  979, 1008, 1007
748,  979,  980, 1009, 1008
749,  980,  981, 1010, 1009
750,  981,  982, 1011, 1010
751,  982,  983, 1012, 1011
752,  983,  984, 1013, 1012
753,  984,  985, 1014, 1013
754,  985,  986, 1015, 1014
755,  986,  987, 1016, 1015
756,  987,  988, 1017, 1016
757,  988,  989, 1018, 1017
758,  989,  990, 1019, 1018
759,  990,  991, 1020, 1019
760,  991,  111,  112, 1020
761,  154,  992, 1021,  153
762,  992,  993, 1022, 1021
763,  993,  994, 1023, 1022
764,  994,  995, 1024, 1023
765,  995,  996, 1025, 1024
766,  996,  997, 1026, 1025
767,  997,  998, 1027, 1026
768,  998,  999, 1028, 1027
769,  999, 1000, 1029, 1028
770, 1000, 1001, 1030, 1029
771, 1001, 1002, 1031, 1030
772, 1002, 1003, 1032, 1031
773, 1003, 1004, 1033, 1032
774, 1004, 1005, 1034, 1033
775, 1005, 1006, 1035, 1034
776, 1006, 1007, 1036, 1035
777, 1007, 1008, 1037, 1036
778, 1008, 1009, 1038, 1037
779, 1009, 1010, 1039, 1038
780, 1010, 1011, 1040, 1039
781, 1011, 1012, 1041, 1040
782, 1012, 1013, 1042, 1041
783, 1013, 1014, 1043, 1042
784, 1014, 1015, 1044, 1043
785, 1015, 1016, 1045, 1044
786, 1016, 1017, 1046, 1045
787, 1017, 1018, 1047, 1046
788, 1018, 1019, 1048, 1047
789, 1019, 1020, 1049, 1048
790, 1020,  112,  113, 1049
791,  153, 1021, 1050,  152
792, 1021, 1022, 1051, 1050
793, 1022, 1023, 1052, 1051
794, 1023, 1024, 1053, 1052
795, 1024, 1025, 1054, 1053
796, 1025, 1026, 1055, 1054
797, 1026, 1027, 1056, 1055
798, 1027, 1028, 1057, 1056
799, 1028, 1029, 1058, 1057
800, 1029, 1030, 1059, 1058
801, 1030, 1031, 1060, 1059
802, 1031, 1032, 1061, 1060
803, 1032, 1033, 1062, 1061
804, 1033, 1034, 1063, 1062
805, 1034, 1035, 1064, 1063
806, 1035, 1036, 1065, 1064
807, 1036, 1037, 1066, 1065
808, 1037, 1038, 1067, 1066
809, 1038, 1039, 1068, 1067
810, 1039, 1040, 1069, 1068
811, 1040, 1041, 1070, 1069
812, 1041, 1042, 1071, 1070
813, 1042, 1043, 1072, 1071
814, 1043, 1044, 1073, 1072
815, 1044, 1045, 1074, 1073
816, 1045, 1046, 1075, 1074
817, 1046, 1047, 1076, 1075
818, 1047, 1048, 1077, 1076
819, 1048, 1049, 1078, 1077
820, 1049,  113,  114, 1078
821,  152, 1050, 1079,  151
822, 1050, 1051, 1080, 1079
823, 1051, 1052, 1081, 1080
824, 1052, 1053, 1082, 1081
825, 1053, 1054, 1083, 1082
826, 1054, 1055, 1084, 1083
827, 1055, 1056, 1085, 1084
828, 1056, 1057, 1086, 1085
829, 1057, 1058, 1087, 1086
830, 1058, 1059, 1088, 1087
831, 1059, 1060, 1089, 1088
832, 1060, 1061, 1090, 1089
833, 1061, 1062, 1091, 1090
834, 1062, 1063, 1092, 1091
835, 1063, 1064, 1093, 1092
836, 1064, 1065, 1094, 1093
837, 1065, 1066, 1095, 1094
838, 1066, 1067, 1096, 1095
839, 1067, 1068, 1097, 1096
840, 1068, 1069, 1098, 1097
841, 1069, 1070, 1099, 1098
842, 1070, 1071, 1100, 1099
843, 1071, 1072, 1101, 1100
844, 1072, 1073, 1102, 1101
845, 1073, 1074, 1103, 1102
846, 1074, 1075, 1104, 1103
847, 1075, 1076, 1105, 1104
848, 1076, 1077, 1106, 1105
849, 1077, 1078, 1107, 1106
850, 1078,  114,  115, 1107
851,  151, 1079, 1108,  150
852, 1079, 1080, 1109, 1108
853, 1080, 1081, 1110, 1109
854, 1081, 1082, 1111, 1110
855, 1082, 1083, 1112, 1111
856, 1083, 1084, 1113, 1112
857, 1084, 1085, 1114, 1113
858, 1085, 1086, 1115, 1114
859, 1086, 1087, 1116, 1115
860, 1087, 1088, 1117, 1116
861, 1088, 1089, 1118, 1117
862, 1089, 1090, 1119, 1118
863, 1090, 1091, 1120, 1119
864, 1091, 1092, 1121, 1120
865, 1092, 1093, 1122, 1121
866, 1093, 1094, 1123, 1122
867, 1094, 1095, 1124, 1123
868, 1095, 1096, 1125, 1124
869, 1096, 1097, 1126, 1125
870, 1097, 1098, 1127, 1126
871, 1098, 1099, 1128, 1127
872, 1099, 1100, 1129, 1128
873, 1100, 1101, 1130, 1129
874, 1101, 1102, 1131, 1130
875, 1102, 1103, 1132, 1131
876, 1103, 1104, 1133, 1132
877, 1104, 1105, 1134, 1133
878, 1105, 1106, 1135, 1134
879, 1106, 1107, 1136, 1135
880, 1107,  115,  116, 1136
881,  150, 1108, 1137,  149
882, 1108, 1109, 1138, 1137
883, 1109, 1110, 1139, 1138
884, 1110, 1111, 1140, 1139
885, 1111, 1112, 1141, 1140
886, 1112, 1113, 1142, 1141
887, 1113, 1114, 1143, 1142
888, 1114, 1115, 1144, 1143
889, 1115, 1116, 1145, 1144
890, 1116, 1117, 1146, 1145
891, 1117, 1118, 1147, 1146
892, 1118, 1119, 1148, 1147
893, 1119, 1120, 1149, 1148
894, 1120, 1121, 1150, 1149
895, 1121, 1122, 1151, 1150
896, 1122, 1123, 1152, 1151
897, 1123, 1124, 1153, 1152
898, 1124, 1125, 1154, 1153
899, 1125, 1126, 1155, 1154
900, 1126, 1127, 1156, 1155
901, 1127, 1128, 1157, 1156
902, 1128, 1129, 1158, 1157
903, 1129, 1130, 1159, 1158
904, 1130, 1131, 1160, 1159
905, 1131, 1132, 1161, 1160
906, 1132, 1133, 1162, 1161
907, 1133, 1134, 1163, 1162
908, 1134, 1135, 1164, 1163
909, 1135, 1136, 1165, 1164
910, 1136,  116,  117, 1165
911,  149, 1137, 1166,  148
912, 1137, 1138, 1167, 1166
913, 1138, 1139, 1168, 1167
914, 1139, 1140, 1169, 1168
915, 1140, 1141, 1170, 1169
916, 1141, 1142, 1171, 1170
917, 1142, 1143, 1172, 1171
918, 1143, 1144, 1173, 1172
919, 1144, 1145, 1174, 1173
920, 1145, 1146, 1175, 1174
921, 1146, 1147, 1176, 1175
922, 1147, 1148, 1177, 1176
923, 1148, 1149, 1178, 1177
924, 1149, 1150, 1179, 1178
925, 1150, 1151, 1180, 1179
926, 1151, 1152, 1181, 1180
927, 1152, 1153, 1182, 1181
928, 1153, 1154, 1183, 1182
929, 1154, 1155, 1184, 1183
930, 1155, 1156, 1185, 1184
931, 1156, 1157, 1186, 1185
932, 1157, 1158, 1187, 1186
933, 1158, 1159, 1188, 1187
934, 1159, 1160, 1189, 1188
935, 1160, 1161, 1190, 1189
936, 1161, 1162, 1191, 1190
937, 1162, 1163, 1192, 1191
938, 1163, 1164, 1193, 1192
939, 1164, 1165, 1194, 1193
940, 1165,  117,  118, 1194
941,  148, 1166,  147,    9
942, 1166, 1167,  146,  147
943, 1167, 1168,  145,  146
944, 1168, 1169,  144,  145
945, 1169, 1170,  143,  144
946, 1170, 1171,  142,  143
947, 1171, 1172,  141,  142
948, 1172, 1173,  140,  141
949, 1173, 1174,  139,  140
950, 1174, 1175,  138,  139
951, 1175, 1176,  137,  138
952, 1176, 1177,  136,  137
953, 1177, 1178,  135,  136
954, 1178, 1179,  134,  135
955, 1179, 1180,  133,  134
956, 1180, 1181,  132,  133
957, 1181, 1182,  131,  132
958, 1182, 1183,  130,  131
959, 1183, 1184,  129,  130
960, 1184, 1185,  128,  129
961, 1185, 1186,  127,  128
962, 1186, 1187,  126,  127
963, 1187, 1188,  125,  126
964, 1188, 1189,  124,  125
965, 1189, 1190,  123,  124
966, 1190, 1191,  122,  123
967, 1191, 1192,  121,  122
968, 1192, 1193,  120,  121
969, 1193, 1194,  119,  120
970, 1194,  118,    6,  119
 971,   10,  161, 1195,  207
 972,  161,  162, 1196, 1195
 973,  162,  163, 1197, 1196
 974,  163,  164, 1198, 1197
 975,  164,  165, 1199, 1198
 976,  165,  166, 1200, 1199
 977,  166,  167, 1201, 1200
 978,  167,  168, 1202, 1201
 979,  168,  169, 1203, 1202
 980,  169,  170, 1204, 1203
 981,  170,  171, 1205, 1204
 982,  171,   11,  172, 1205
 983,  207, 1195, 1206,  206
 984, 1195, 1196, 1207, 1206
 985, 1196, 1197, 1208, 1207
 986, 1197, 1198, 1209, 1208
 987, 1198, 1199, 1210, 1209
 988, 1199, 1200, 1211, 1210
 989, 1200, 1201, 1212, 1211
 990, 1201, 1202, 1213, 1212
 991, 1202, 1203, 1214, 1213
 992, 1203, 1204, 1215, 1214
 993, 1204, 1205, 1216, 1215
 994, 1205,  172,  173, 1216
 995,  206, 1206, 1217,  205
 996, 1206, 1207, 1218, 1217
 997, 1207, 1208, 1219, 1218
 998, 1208, 1209, 1220, 1219
 999, 1209, 1210, 1221, 1220
1000, 1210, 1211, 1222, 1221
1001, 1211, 1212, 1223, 1222
1002, 1212, 1213, 1224, 1223
1003, 1213, 1214, 1225, 1224
1004, 1214, 1215, 1226, 1225
1005, 1215, 1216, 1227, 1226
1006, 1216,  173,  174, 1227
1007,  205, 1217, 1228,  204
1008, 1217, 1218, 1229, 1228
1009, 1218, 1219, 1230, 1229
1010, 1219, 1220, 1231, 1230
1011, 1220, 1221, 1232, 1231
1012, 1221, 1222, 1233, 1232
1013, 1222, 1223, 1234, 1233
1014, 1223, 1224, 1235, 1234
1015, 1224, 1225, 1236, 1235
1016, 1225, 1226, 1237, 1236
1017, 1226, 1227, 1238, 1237
1018, 1227,  174,  175, 1238
1019,  204, 1228, 1239,  203
1020, 1228, 1229, 1240, 1239
1021, 1229, 1230, 1241, 1240
1022, 1230, 1231, 1242, 1241
1023, 1231, 1232, 1243, 1242
1024, 1232, 1233, 1244, 1243
1025, 1233, 1234, 1245, 1244
1026, 1234, 1235, 1246, 1245
1027, 1235, 1236, 1247, 1246
1028, 1236, 1237, 1248, 1247
1029, 1237, 1238, 1249, 1248
1030, 1238,  175,  176, 1249
1031,  203, 1239, 1250,  202
1032, 1239, 1240, 1251, 1250
1033, 1240, 1241, 1252, 1251
1034, 1241, 1242, 1253, 1252
1035, 1242, 1243, 1254, 1253
1036, 1243, 1244, 1255, 1254
1037, 1244, 1245, 1256, 1255
1038, 1245, 1246, 1257, 1256
1039, 1246, 1247, 1258, 1257
1040, 1247, 1248, 1259, 1258
1041, 1248, 1249, 1260, 1259
1042, 1249,  176,  177, 1260
1043,  202, 1250, 1261,  201
1044, 1250, 1251, 1262, 1261
1045, 1251, 1252, 1263, 1262
1046, 1252, 1253, 1264, 1263
1047, 1253, 1254, 1265, 1264
1048, 1254, 1255, 1266, 1265
1049, 1255, 1256, 1267, 1266
1050, 1256, 1257, 1268, 1267
1051, 1257, 1258, 1269, 1268
1052, 1258, 1259, 1270, 1269
1053, 1259, 1260, 1271, 1270
1054, 1260,  177,  178, 1271
1055,  201, 1261, 1272,  200
1056, 1261, 1262, 1273, 1272
1057, 1262, 1263, 1274, 1273
1058, 1263, 1264, 1275, 1274
1059, 1264, 1265, 1276, 1275
1060, 1265, 1266, 1277, 1276
1061, 1266, 1267, 1278, 1277
1062, 1267, 1268, 1279, 1278
1063, 1268, 1269, 1280, 1279
1064, 1269, 1270, 1281, 1280
1065, 1270, 1271, 1282, 1281
1066, 1271,  178,  179, 1282
1067,  200, 1272, 1283,  199
1068, 1272, 1273, 1284, 1283
1069, 1273, 1274, 1285, 1284
1070, 1274, 1275, 1286, 1285
1071, 1275, 1276, 1287, 1286
1072, 1276, 1277, 1288, 1287
1073, 1277, 1278, 1289, 1288
1074, 1278, 1279, 1290, 1289
1075, 1279, 1280, 1291, 1290
1076, 1280, 1281, 1292, 1291
1077, 1281, 1282, 1293, 1292
1078, 1282,  179,  180, 1293
1079,  199, 1283, 1294,  198
1080, 1283, 1284, 1295, 1294
1081, 1284, 1285, 1296, 1295
1082, 1285, 1286, 1297, 1296
1083, 1286, 1287, 1298, 1297
1084, 1287, 1288, 1299, 1298
1085, 1288, 1289, 1300, 1299
1086, 1289, 1290, 1301, 1300
1087, 1290, 1291, 1302, 1301
1088, 1291, 1292, 1303, 1302
1089, 1292, 1293, 1304, 1303
1090, 1293,  180,  181, 1304
1091,  198, 1294, 1305,  197
1092, 1294, 1295, 1306, 1305
1093, 1295, 1296, 1307, 1306
1094, 1296, 1297, 1308, 1307
1095, 1297, 1298, 1309, 1308
1096, 1298, 1299, 1310, 1309
1097, 1299, 1300, 1311, 1310
1098, 1300, 1301, 1312, 1311
1099, 1301, 1302, 1313, 1312
1100, 1302, 1303, 1314, 1313
1101, 1303, 1304, 1315, 1314
1102, 1304,  181,   12, 1315
1103,  197, 1305, 1316,  196
1104, 1305, 1306, 1317, 1316
1105, 1306, 1307, 1318, 1317
1106, 1307, 1308, 1319, 1318
1107, 1308, 1309, 1320, 1319
1108, 1309, 1310, 1321, 1320
1109, 1310, 1311, 1322, 1321
1110, 1311, 1312, 1323, 1322
1111, 1312, 1313, 1324, 1323
1112, 1313, 1314, 1325, 1324
1113, 1314, 1315, 1326, 1325
1114, 1315,   12,  182, 1326
1115,  196, 1316, 1327,  195
1116, 1316, 1317, 1328, 1327
1117, 1317, 1318, 1329, 1328
1118, 1318, 1319, 1330, 1329
1119, 1319, 1320, 1331, 1330
1120, 1320, 1321, 1332, 1331
1121, 1321, 1322, 1333, 1332
1122, 1322, 1323, 1334, 1333
1123, 1323, 1324, 1335, 1334
1124, 1324, 1325, 1336, 1335
1125, 1325, 1326, 1337, 1336
1126, 1326,  182,  183, 1337
1127,  195, 1327,  194,   14
1128, 1327, 1328,  193,  194
1129, 1328, 1329,  192,  193
1130, 1329, 1330,  191,  192
1131, 1330, 1331,  190,  191
1132, 1331, 1332,  189,  190
1133, 1332, 1333,  188,  189
1134, 1333, 1334,  187,  188
1135, 1334, 1335,  186,  187
1136, 1335, 1336,  185,  186
1137, 1336, 1337,  184,  185
1138, 1337,  183,   13,  184
1139,   15,  208, 1338,  252
1140,  208,  209, 1339, 1338
1141,  209,  210, 1340, 1339
1142,  210,  211, 1341, 1340
1143,  211,  212, 1342, 1341
1144,  212,  213, 1343, 1342
1145,  213,  214, 1344, 1343
1146,  214,  215, 1345, 1344
1147,  215,  216, 1346, 1345
1148,  216,  217, 1347, 1346
1149,  217,  218, 1348, 1347
1150,  218,   16,  219, 1348
1151,  252, 1338, 1349,  251
1152, 1338, 1339, 1350, 1349
1153, 1339, 1340, 1351, 1350
1154, 1340, 1341, 1352, 1351
1155, 1341, 1342, 1353, 1352
1156, 1342, 1343, 1354, 1353
1157, 1343, 1344, 1355, 1354
1158, 1344, 1345, 1356, 1355
1159, 1345, 1346, 1357, 1356
1160, 1346, 1347, 1358, 1357
1161, 1347, 1348, 1359, 1358
1162, 1348,  219,  220, 1359
1163,  251, 1349, 1360,  250
1164, 1349, 1350, 1361, 1360
1165, 1350, 1351, 1362, 1361
1166, 1351, 1352, 1363, 1362
1167, 1352, 1353, 1364, 1363
1168, 1353, 1354, 1365, 1364
1169, 1354, 1355, 1366, 1365
1170, 1355, 1356, 1367, 1366
1171, 1356, 1357, 1368, 1367
1172, 1357, 1358, 1369, 1368
1173, 1358, 1359, 1370, 1369
1174, 1359,  220,  221, 1370
1175,  250, 1360, 1371,  249
1176, 1360, 1361, 1372, 1371
1177, 1361, 1362, 1373, 1372
1178, 1362, 1363, 1374, 1373
1179, 1363, 1364, 1375, 1374
1180, 1364, 1365, 1376, 1375
1181, 1365, 1366, 1377, 1376
1182, 1366, 1367, 1378, 1377
1183, 1367, 1368, 1379, 1378
1184, 1368, 1369, 1380, 1379
1185, 1369, 1370, 1381, 1380
1186, 1370,  221,  222, 1381
1187,  249, 1371, 1382,  248
1188, 1371, 1372, 1383, 1382
1189, 1372, 1373, 1384, 1383
1190, 1373, 1374, 1385, 1384
1191, 1374, 1375, 1386, 1385
1192, 1375, 1376, 1387, 1386
1193, 1376, 1377, 1388, 1387
1194, 1377, 1378, 1389, 1388
1195, 1378, 1379, 1390, 1389
1196, 1379, 1380, 1391, 1390
1197, 1380, 1381, 1392, 1391
1198, 1381,  222,  223, 1392
1199,  248, 1382, 1393,  247
1200, 1382, 1383, 1394, 1393
1201, 1383, 1384, 1395, 1394
1202, 1384, 1385, 1396, 1395
1203, 1385, 1386, 1397, 1396
1204, 1386, 1387, 1398, 1397
1205, 1387, 1388, 1399, 1398
1206, 1388, 1389, 1400, 1399
1207, 1389, 1390, 1401, 1400
1208, 1390, 1391, 1402, 1401
1209, 1391, 1392, 1403, 1402
1210, 1392,  223,  224, 1403
1211,  247, 1393, 1404,  246
1212, 1393, 1394, 1405, 1404
1213, 1394, 1395, 1406, 1405
1214, 1395, 1396, 1407, 1406
1215, 1396, 1397, 1408, 1407
1216, 1397, 1398, 1409, 1408
1217, 1398, 1399, 1410, 1409
1218, 1399, 1400, 1411, 1410
1219, 1400, 1401, 1412, 1411
1220, 1401, 1402, 1413, 1412
1221, 1402, 1403, 1414, 1413
1222, 1403,  224,  225, 1414
1223,  246, 1404, 1415,  245
1224, 1404, 1405, 1416, 1415
1225, 1405, 1406, 1417, 1416
1226, 1406, 1407, 1418, 1417
1227, 1407, 1408, 1419, 1418
1228, 1408, 1409, 1420, 1419
1229, 1409, 1410, 1421, 1420
1230, 1410, 1411, 1422, 1421
1231, 1411, 1412, 1423, 1422
1232, 1412, 1413, 1424, 1423
1233, 1413, 1414, 1425, 1424
1234, 1414,  225,  226, 1425
1235,  245, 1415, 1426,  244
1236, 1415, 1416, 1427, 1426
1237, 1416, 1417, 1428, 1427
1238, 1417, 1418, 1429, 1428
1239, 1418, 1419, 1430, 1429
1240, 1419, 1420, 1431, 1430
1241, 1420, 1421, 1432, 1431
1242, 1421, 1422, 1433, 1432
1243, 1422, 1423, 1434, 1433
1244, 1423, 1424, 1435, 1434
1245, 1424, 1425, 1436, 1435
1246, 1425,  226,  227, 1436
1247,  244, 1426, 1437,  243
1248, 1426, 1427, 1438, 1437
1249, 1427, 1428, 1439, 1438
1250, 1428, 1429, 1440, 1439
1251, 1429, 1430, 1441, 1440
1252, 1430, 1431, 1442, 1441
1253, 1431, 1432, 1443, 1442
1254, 1432, 1433, 1444, 1443
1255, 1433, 1434, 1445, 1444
1256, 1434, 1435, 1446, 1445
1257, 1435, 1436, 1447, 1446
1258, 1436,  227,  228, 1447
1259,  243, 1437, 1448,   18
1260, 1437, 1438, 1449, 1448
1261, 1438, 1439, 1450, 1449
1262, 1439, 1440, 1451, 1450
1263, 1440, 1441, 1452, 1451
1264, 1441, 1442, 1453, 1452
1265, 1442, 1443, 1454, 1453
1266, 1443, 1444, 1455, 1454
1267, 1444, 1445, 1456, 1455
1268, 1445, 1446, 1457, 1456
1269, 1446, 1447, 1458, 1457
1270, 1447,  228,  229, 1458
1271,   18, 1448, 1459,  254
1272, 1448, 1449, 1460, 1459
1273, 1449, 1450, 1461, 1460
1274, 1450, 1451, 1462, 1461
1275, 1451, 1452, 1463, 1462
1276, 1452, 1453, 1464, 1463
1277, 1453, 1454, 1465, 1464
1278, 1454, 1455, 1466, 1465
1279, 1455, 1456, 1467, 1466
1280, 1456, 1457, 1468, 1467
1281, 1457, 1458, 1469, 1468
1282, 1458,  229,  230, 1469
1283,  254, 1459, 1470,  253
1284, 1459, 1460, 1471, 1470
1285, 1460, 1461, 1472, 1471
1286, 1461, 1462, 1473, 1472
1287, 1462, 1463, 1474, 1473
1288, 1463, 1464, 1475, 1474
1289, 1464, 1465, 1476, 1475
1290, 1465, 1466, 1477, 1476
1291, 1466, 1467, 1478, 1477
1292, 1467, 1468, 1479, 1478
1293, 1468, 1469, 1480, 1479
1294, 1469,  230,  231, 1480
1295,  253, 1470,  242,   19
1296, 1470, 1471,  241,  242
1297, 1471, 1472,  240,  241
1298, 1472, 1473,  239,  240
1299, 1473, 1474,  238,  239
1300, 1474, 1475,  237,  238
1301, 1475, 1476,  236,  237
1302, 1476, 1477,  235,  236
1303, 1477, 1478,  234,  235
1304, 1478, 1479,  233,  234
1305, 1479, 1480,  232,  233
1306, 1480,  231,   17,  232
1307,   20,  255, 1481,  275
1308,  255,  256, 1482, 1481
1309,  256,  257, 1483, 1482
1310,  257,  258, 1484, 1483
1311,  258,    8,  160, 1484
1312,  275, 1481, 1485,  274
1313, 1481, 1482, 1486, 1485
1314, 1482, 1483, 1487, 1486
1315, 1483, 1484, 1488, 1487
1316, 1484,  160,  159, 1488
1317,  274, 1485, 1489,  273
1318, 1485, 1486, 1490, 1489
1319, 1486, 1487, 1491, 1490
1320, 1487, 1488, 1492, 1491
1321, 1488,  159,  158, 1492
1322,  273, 1489, 1493,  272
1323, 1489, 1490, 1494, 1493
1324, 1490, 1491, 1495, 1494
1325, 1491, 1492, 1496, 1495
1326, 1492,  158,  157, 1496
1327,  272, 1493, 1497,  271
1328, 1493, 1494, 1498, 1497
1329, 1494, 1495, 1499, 1498
1330, 1495, 1496, 1500, 1499
1331, 1496,  157,  156, 1500
1332,  271, 1497, 1501,  270
1333, 1497, 1498, 1502, 1501
1334, 1498, 1499, 1503, 1502
1335, 1499, 1500, 1504, 1503
1336, 1500,  156,  155, 1504
1337,  270, 1501, 1505,  269
1338, 1501, 1502, 1506, 1505
1339, 1502, 1503, 1507, 1506
1340, 1503, 1504, 1508, 1507
1341, 1504,  155,  154, 1508
1342,  269, 1505, 1509,  268
1343, 1505, 1506, 1510, 1509
1344, 1506, 1507, 1511, 1510
1345, 1507, 1508, 1512, 1511
1346, 1508,  154,  153, 1512
1347,  268, 1509, 1513,  267
1348, 1509, 1510, 1514, 1513
1349, 1510, 1511, 1515, 1514
1350, 1511, 1512, 1516, 1515
1351, 1512,  153,  152, 1516
1352,  267, 1513, 1517,  266
1353, 1513, 1514, 1518, 1517
1354, 1514, 1515, 1519, 1518
1355, 1515, 1516, 1520, 1519
1356, 1516,  152,  151, 1520
1357,  266, 1517, 1521,  265
1358, 1517, 1518, 1522, 1521
1359, 1518, 1519, 1523, 1522
1360, 1519, 1520, 1524, 1523
1361, 1520,  151,  150, 1524
1362,  265, 1521, 1525,  264
1363, 1521, 1522, 1526, 1525
1364, 1522, 1523, 1527, 1526
1365, 1523, 1524, 1528, 1527
1366, 1524,  150,  149, 1528
1367,  264, 1525, 1529,  263
1368, 1525, 1526, 1530, 1529
1369, 1526, 1527, 1531, 1530
1370, 1527, 1528, 1532, 1531
1371, 1528,  149,  148, 1532
1372,  263, 1529,  262,   21
1373, 1529, 1530,  261,  262
1374, 1530, 1531,  260,  261
1375, 1531, 1532,  259,  260
1376, 1532,  148,    9,  259
1377,   40,   39, 1649, 1535
1378,   38,   37, 1650, 1536
1379, 1643, 1644, 1935, 1664
1380, 1967, 1762, 1672, 1966
1381, 1609,  103,  102, 1610
1382, 1599,  116,  115, 1600
1383,  118, 1553, 1540,    6
1384, 1902, 1711, 1954, 1763
1385, 1874, 1853, 1877, 1887
1386, 1764, 1929, 1936, 1691
1387, 1556,  146,  145, 1574
1388, 1954, 1867, 1844, 1802
1389, 1621,   87,   86, 1622
1390, 1648,   44,    3, 1662
1391, 1535, 1543,   41,   40
1392, 1543, 1535, 1913, 1666
1393, 1649, 1536, 1912, 1714
1394,  279,   22,  280, 1831
1395,   42,   41, 1543, 1544
1396, 1666, 1668, 1544, 1543
1397, 1891, 1882, 1881, 1905
1398,  284,   11,  171, 1891
1399,  161,   10,  285, 1899
1400, 1762, 1710, 1903, 1805
1401,   89, 1547, 1546,    5
1402,   88, 1542, 1547,   89
1403, 1542, 1960, 1669, 1547
1404, 1625,   82,   81, 1626
1405, 1670, 1632, 1633, 1705
1406, 1643,   63,   62, 1644
1407, 1646,   46,   45, 1647
1408, 1648, 1662, 1760, 1671
1409, 1850, 1871, 1833, 1979
1410, 1669, 1761, 1546, 1547
1411,    5, 1710, 1620,   90
1412, 1602,  111,  110, 1603
1413,  117, 1539, 1553,  118
1414, 1711, 1540, 1688, 1806
1415, 1844, 1867, 1884, 1878
1416,   16,  218, 1897,  292
1417, 1596,  121,  120, 1597
1418, 1674, 1585, 1586, 1732
1419, 1578,  140,  139, 1579
1420, 1574,  145,  144, 1575
1421, 1556, 1574, 1716, 1780
1422,  147, 1541, 1557,    9
1423, 1571,  261,  260, 1572
1424,  262, 1558, 1559,   21
1425, 1558, 1915, 1676, 1559
1426,  208,   15,  293, 1889
1427,   21, 1661, 1570,  263
1428, 1661, 1758, 1677, 1570
1429, 1569,  264,  263, 1570
1430, 1533,  270,  269, 1657
1431,  297,   26,  298, 1834
1432, 1561,  273,  272, 1564
1433, 1562,  275,  274, 1563
1434,  275, 1562,  301,   20
1435,  273, 1561, 1563,  274
1436, 1562, 1712,  300,  301
1437,  270, 1533, 1565,  271
1438, 1564, 1678, 1927, 1561
1439, 1659, 1764, 1793, 1834
1440, 1566,  268,  267, 1567
1441,  266, 1568, 1567,  267
1442,  265, 1560, 1568,  266
1443, 1941, 1569, 1570, 1677
1444,  264, 1569, 1560,  265
1445, 1741, 1694, 1925, 1988
1446,  261, 1571, 1558,  262
1447,    9, 1557, 1573,  259
1448, 1575,  144,  143, 1576
1449,  141, 1555, 1577,  142
1450, 1694, 1741, 1727, 1915
1451, 1579,  139,  138, 1580
1452, 1580,  138,  137, 1581
1453,  140, 1578, 1555,  141
1454, 1679, 1580, 1581, 1731
1455,  136, 1582, 1581,  137
1456,  135, 1583, 1582,  136
1457,  134, 1584, 1583,  135
1458,  133, 1585, 1584,  134
1459,  132, 1586, 1585,  133
1460,  131, 1587, 1586,  132
1461,  130, 1588, 1587,  131
1462,  129, 1589, 1588,  130
1463, 1680, 1590, 1591, 1950
1464,  128, 1590, 1589,  129
1465,  126, 1592, 1591,  127
1466,  124, 1594, 1593,  125
1467,  122, 1554, 1595,  123
1468, 1681, 1596, 1597, 1953
1469, 1597,  120,  119, 1598
1470, 1598,  119,    6, 1902
1471,  121, 1596, 1554,  122
1472, 1600,  115,  114, 1601
1473,  114,  113, 1658, 1601
1474, 1961, 1602, 1603, 1700
1475, 1603,  110,  109, 1604
1476,  111, 1602, 1552,  112
1477,  108, 1605, 1604,  109
1478, 1606, 1962, 1986, 1605
1479,  106, 1607, 1606,  107
1480,  104, 1538, 1608,  105
1481, 1610,  102,  101, 1611
1482, 1610, 1702, 1682, 1609
1483,  103, 1609, 1538,  104
1484,   99, 1613, 1612,  100
1485,   97, 1534, 1614,   98
1486, 1534,   97,   96, 1615
1487, 1551,   95,   94, 1616
1488, 1617,   93,   92, 1618
1489, 1751, 1921, 1673, 1725
1490,   93, 1617, 1616,   94
1491,   91, 1619, 1618,   92
1492, 1622,   86,   85, 1623
1493,   84, 1624, 1623,   85
1494, 1960, 1542, 1621, 1766
1495,   83, 1548, 1624,   84
1496, 1621, 1622, 1683, 1766
1497, 1626,   81,   80, 1627
1498, 1627,   80,   79, 1628
1499,   82, 1625, 1548,   83
1500, 1938, 1627, 1628, 1993
1501,   78, 1629, 1628,   79
1502,   77, 1630, 1629,   78
1503,   76, 1631, 1630,   77
1504,   75, 1632, 1631,   76
1505,   74, 1633, 1632,   75
1506,   73, 1634, 1633,   74
1507,   72, 1635, 1634,   73
1508,   71, 1636, 1635,   72
1509, 1685, 1637, 1638, 1946
1510,   70, 1637, 1636,   71
1511,   68, 1639, 1638,   69
1512,   66, 1641, 1640,   67
1513,   64, 1549, 1642,   65
1514,   63, 1643, 1549,   64
1515,    4, 1537, 1645,   61
1516, 1550, 1646, 1715, 1686
1517, 1647,   45,   44, 1648
1518,   47, 1550, 1537,    4
1519,   46, 1646, 1550,   47
1520,   39,   38, 1536, 1649
1521, 1650, 1667, 1912, 1536
1522, 1713, 1804, 1753, 1931
1523, 1651, 1650,   37,   36
1524, 1652, 1651,   36,   35
1525, 1900, 1652,   35,   34
1526, 1655, 1656, 1709, 1687
1527, 1655, 1654,   33,   32
1528, 1656, 1655,   32,   31
1529, 1656,  276,  277, 1709
1530,   31,    2,  276, 1656
1531, 1657,  269,  268, 1566
1532, 1615,   96,   95, 1551
1533, 1744, 1745, 1782, 1783
1534, 1728, 1958, 1666, 1913
1535, 1932, 1667, 1911, 1708
1536, 1701, 1969, 1986, 1962
1537, 1553, 1917, 1688, 1540
1538, 1539,  117,  116, 1599
1539, 1541, 1675, 1926, 1557
1540, 1541,  147,  146, 1556
1541, 1542,   88,   87, 1621
1542,   43,   42, 1544, 1545
1543, 1958, 1801, 1668, 1666
1544, 1757, 1795, 1760, 1901
1545,    3,   43, 1545, 1901
1546, 1863, 1895, 1821, 1820
1547, 1683, 1729, 1974, 1781
1548, 1639, 1640, 1945, 1689
1549, 1662,    3, 1901, 1760
1550, 1646, 1647, 1930, 1715
1551, 1615, 1673, 1921, 1534
1552, 1918, 1746, 1924, 1750
1553, 1924, 1539, 1599, 1750
1554, 1690, 1592, 1593, 1951
1555, 1730, 1947, 1717, 1774
1556, 1694, 1571, 1572, 1925
1557, 1800, 1676, 1915, 1727
1558, 1916, 1676, 1800, 1824
1559, 1764, 1691, 1754, 1793
1560,  300, 1712, 1659,  299
1561, 1564,  272,  271, 1565
1562, 1561, 1927, 1909, 1563
1563, 1712, 1909, 1928, 1659
1564, 1692, 1566, 1567, 1693
1565, 1939, 1657, 1566, 1692
1566, 1560, 1569, 1941, 1724
1567,  297, 1834, 1849,  296
1568, 1661,   21, 1559, 1759
1569, 1572,  260,  259, 1573
1570, 1988, 1925, 1695, 1742
1571, 1557, 1926, 1695, 1573
1572, 1576,  143,  142, 1577
1573, 1716, 1574, 1575, 1771
1574, 1696, 1577, 1555, 1947
1575, 1577, 1696, 1575, 1576
1576, 1578, 1579, 1948, 1717
1577, 1581, 1582, 1697, 1731
1578, 1697, 1984, 1775, 1731
1579, 1718, 1583, 1584, 1949
1580, 1586, 1587, 1698, 1732
1581, 1719, 1588, 1589, 1767
1582, 1590,  128,  127, 1591
1583, 1698, 1587, 1588, 1719
1584, 1592,  126,  125, 1593
1585, 1680, 1767, 1589, 1590
1586, 1592, 1690, 1950, 1591
1587, 1699, 1720, 1985, 1734
1588, 1594,  124,  123, 1595
1589, 1951, 1699, 1734, 1987
1590, 1720, 1595, 1554, 1952
1591, 1681, 1952, 1554, 1596
1592, 1952, 1756, 1822, 1797
1593, 1953, 1597, 1598, 1665
1594, 1540, 1711, 1902,    6
1595, 1763, 1954, 1802, 1665
1596, 1552, 1658,  113,  112
1597, 1601, 1658, 1552, 1726
1598, 1601, 1750, 1599, 1600
1599, 1835, 1752, 1969, 1783
1600, 1605,  108,  107, 1606
1601, 1603, 1604, 1748, 1700
1602, 1605, 1986, 1748, 1604
1603, 1607,  106,  105, 1608
1604, 1701, 1607, 1608, 1963
1605, 1964, 1538, 1609, 1682
1606, 1744, 1701, 1963, 1964
1607, 1611,  101,  100, 1612
1608, 1682, 1745, 1744, 1964
1609, 1702, 1610, 1611, 1612
1610,   99,   98, 1614, 1613
1611, 1749, 1613, 1614, 1663
1612, 1663, 1614, 1534, 1921
1613, 1725, 1617, 1618, 1965
1614, 1619,   91,   90, 1620
1615, 1551, 1616, 1673, 1615
1616, 1965, 1618, 1619, 1966
1617, 1710,    5, 1546, 1903
1618, 1624, 1548, 1704, 1703
1619, 1738, 1729, 1703, 1704
1620, 1743, 1790, 1738, 1704
1621, 1937, 1625, 1626, 1684
1622, 1993, 1628, 1629, 1777
1623, 1721, 1630, 1631, 1773
1624, 1670, 1773, 1631, 1632
1625, 1705, 1633, 1634, 1942
1626, 1635, 1636, 1943, 1722
1627, 1637,   70,   69, 1638
1628, 1705, 1942, 1778, 1809
1629, 1942, 1722, 1768, 1778
1630, 1639,   68,   67, 1640
1631, 1943, 1636, 1637, 1685
1632, 1639, 1689, 1946, 1638
1633, 1736, 1768, 1685, 1970
1634, 1740, 1970, 1689, 1945
1635, 1641,   66,   65, 1642
1636, 1945, 1706, 1977, 1740
1637, 1723, 1642, 1549, 1944
1638, 1644,   62,   61, 1645
1639, 1644, 1645, 1707, 1935
1640, 1934, 1537, 1550, 1686
1641, 1769, 1976, 1664, 1935
1642, 1651, 1652, 1708, 1911
1643, 1652, 1900, 1653, 1708
1644,   34,   33, 1654, 1900
1645, 1900, 1654, 1910, 1653
1646, 1660, 1804, 1687, 1709
1647,  278, 1660, 1709,  277
1648, 1678, 1564, 1565, 1936
1649, 1660,  278,  279, 1831
1650, 1653, 1910, 1713, 1931
1651, 1759, 1559, 1676, 1916
1652, 1810, 1758, 1794, 1842
1653, 1545, 1544, 1668, 1914
1654, 1760, 1795, 1812, 1923
1655, 1829, 1740, 1977, 1976
1656, 1549, 1643, 1664, 1944
1657, 1746, 1688, 1917, 1924
1658, 1811, 1791, 1985, 1797
1659, 1649, 1714, 1913, 1535
1660, 1796, 1957, 1956, 1955
1661, 1650, 1651, 1911, 1667
1662, 1753, 1796, 1955, 1933
1663, 1959, 1833, 1871, 1795
1664, 1914, 1757, 1901, 1545
1665, 1899, 1851, 1895, 1898
1666, 1828, 1786, 1973, 1779
1667, 1647, 1648, 1671, 1930
1668, 1747, 1663, 1921, 1751
1669, 1966, 1672, 1922, 1965
1670, 1616, 1617, 1725, 1673
1671, 1949, 1674, 1772, 1718
1672, 1585, 1674, 1949, 1584
1673, 1759, 1916, 1832, 1794
1674, 1675, 1541, 1556, 1780
1675, 1759, 1794, 1758, 1661
1676, 1825, 1755, 1798, 1819
1677, 1533, 1691, 1936, 1565
1678, 1533, 1657, 1939, 1691
1679, 1580, 1679, 1948, 1579
1680, 1797, 1985, 1720, 1952
1681, 1750, 1601, 1726, 1918
1682, 1552, 1602, 1961, 1726
1683, 1969, 1701, 1744, 1783
1684, 1613, 1749, 1702, 1612
1685, 1683, 1622, 1623, 1729
1686, 1743, 1684, 1735, 1789
1687, 1626, 1627, 1938, 1684
1688, 1768, 1722, 1943, 1685
1689, 1715, 1930, 1779, 1973
1690, 1713, 1910, 1687, 1804
1691, 1655, 1687, 1910, 1654
1692, 1746, 1918, 1792, 1803
1693, 1640, 1641, 1706, 1945
1694, 1733, 1680, 1950, 1690
1695, 1594, 1699, 1951, 1593
1696, 1692, 1693, 1755, 1754
1697, 1568, 1940, 1693, 1567
1698, 1693, 1940, 1798, 1755
1699, 1560, 1724, 1940, 1568
1700, 1925, 1572, 1573, 1695
1701, 1926, 1989, 1742, 1695
1702, 1696, 1947, 1730, 1994
1703, 1578, 1717, 1947, 1555
1704, 1847, 1730, 1774, 1980
1705, 1583, 1718, 1697, 1582
1706, 1595, 1720, 1699, 1594
1707, 1752, 1961, 1700, 1969
1708, 1963, 1608, 1538, 1964
1709, 1749, 1663, 1747, 1836
1710, 1729, 1623, 1624, 1703
1711, 1704, 1548, 1625, 1937
1712, 1629, 1630, 1721, 1777
1713, 1635, 1722, 1942, 1634
1714, 1641, 1642, 1723, 1706
1715, 1934, 1707, 1645, 1537
1716, 1653, 1931, 1932, 1708
1717, 1761, 1821, 1903, 1546
1718, 1851, 1762, 1805, 1895
1719, 1867, 1885, 1897, 1884
1720, 1665, 1598, 1902, 1763
1721, 1831, 1893, 1861, 1823
1722, 1712, 1562, 1563, 1909
1723, 1978, 1801, 1958, 1728
1724, 1781, 1960, 1766, 1683
1725, 1770, 1671, 1760, 1923
1726, 1934, 1737, 1975, 1707
1727, 1771, 1992, 1780, 1716
1728, 1848, 1847, 1980, 1807
1729, 1814, 1772, 1808, 1991
1730, 1995, 1767, 1990, 1996
1731, 1987, 1733, 1690, 1951
1732, 1981, 1827, 1789, 1735
1733, 1946, 1689, 1970, 1685
1734, 1768, 1736, 1815, 1778
1735, 1935, 1707, 1975, 1769
1736, 1970, 1740, 1785, 1736
1737, 1765, 1677, 1758, 1810
1738, 1907, 1672, 1762, 1851
1739, 1726, 1961, 1752, 1918
1740, 1832, 1916, 1824, 1862
1741, 1771, 1575, 1696, 1994
1742, 1731, 1775, 1807, 1980
1743, 1679, 1731, 1980, 1948
1744, 1808, 1732, 1698, 2001
1745, 2003, 1996, 1990, 1998
1746, 1860, 1811, 1797, 1822
1747, 1789, 1841, 1790, 1743
1748, 1684, 1938, 1993, 1735
1749, 1670, 1705, 1809, 1773
1750, 1815, 1736, 1785, 1870
1751, 1739, 1737, 1934, 1686
1752, 1972, 1845, 1839, 1826
1753, 1743, 1704, 1937, 1684
1754, 1786, 1737, 1739, 1973
1755, 1976, 1977, 1944, 1664
1756, 1839, 1855, 1829, 1826
1757, 1788, 1989, 1830, 1840
1758, 1838, 1816, 1790, 1841
1759,  289, 1835, 1783,   24
1760, 1702, 1749, 1745, 1682
1761,   24, 1783, 1782,  288
1762, 1806, 1803, 1885, 1867
1763, 1749, 1836, 1782, 1745
1764, 1752, 1835, 1792, 1918
1765, 1747, 1799,   23, 1836
1766, 1751, 1725, 1965, 1922
1767, 1753, 1968, 1823, 1796
1768, 1755, 1825, 1793, 1754
1769, 1754, 1691, 1939, 1692
1770, 1724, 1765, 1798, 1940
1771, 1850, 1883, 1881, 1871
1772, 1842, 1794, 1832, 1872
1773, 1787, 1800, 1727, 1788
1774, 1960, 1781, 1761, 1669
1775, 1761, 1781, 1820, 1821
1776, 1803, 1806, 1688, 1746
1777, 1764, 1659, 1928, 1929
1778, 1941, 1677, 1765, 1724
1779, 1974, 1784, 1820, 1781
1780, 1880, 1863, 1816, 1838
1781, 1719, 1767, 1995, 1776
1782, 1826, 1769, 1786, 1828
1783, 1770, 1779, 1930, 1671
1784, 1876, 1852, 1817, 1840
1785, 1856, 1846, 1814, 1991
1786, 1984, 1772, 1814, 1775
1787, 1875, 1838, 1841, 1859
1788, 1980, 1774, 1717, 1948
1789, 1776, 2004, 2002, 2001
1790, 1698, 1719, 1776, 2001
1791, 1773, 1809, 1827, 1981
1792, 1993, 1777, 1721, 1735
1793, 1828, 1779, 1770, 1971
1794, 1769, 1826, 1829, 1976
1795, 1675, 1830, 1989, 1926
1796, 1836,   23,  288, 1782
1797, 1799, 1747, 1751, 1922
1798, 1729, 1738, 1784, 1974
1799, 1778, 1815, 1868, 1857
1800, 1869, 1879,  167,  166
1801, 1824, 1800, 1787, 1817
1802, 1727, 1741, 1988, 1788
1803, 1830, 1675, 1780, 1992
1804, 1784, 1738, 1790, 1816
1805, 1991, 1813, 1837, 1856
1806, 1997, 1791, 1999, 2000
1807, 1792,   25,  290, 1803
1808, 1849, 1834, 1793, 1825
1809,  298,  299, 1659, 1834
1810, 1853, 1874, 1819, 1810
1811, 1959, 1914, 1668, 1801
1812, 1865, 1854, 1923, 1812
1813, 1850, 1979, 1983, 1818
1814, 1957, 1728, 1913, 1714
1815, 1756, 1802, 1844, 1822
1816, 1765, 1810, 1819, 1798
1817,  287,   23, 1799, 1907
1818, 1824, 1817, 1852, 1862
1819, 1818, 1983, 1978, 1796
1820, 1860, 1878, 1873, 1837
1821, 1953, 1665, 1802, 1756
1822, 1803,  290,  291, 1885
1823, 1968, 1660, 1831, 1823
1824, 1823, 1861, 1818, 1796
1825, 1907, 1851,  286,  287
1826, 1806, 1867, 1954, 1711
1827, 1810, 1842, 1877, 1853
1828, 1908, 1873,  215,  214
1829, 1734, 1985, 1791, 1997
1830, 1971, 1770, 1923, 1854
1831, 1811, 1813, 1999, 1791
1832, 1807, 1846, 1864, 1848
1833, 1908, 1864, 1846, 1856
1834, 1775, 1814, 1846, 1807
1835, 1829, 1855, 1785, 1740
1836,  165, 1875, 1892,  166
1837, 1789, 1827, 1859, 1841
1838,  210, 1888, 1906,  211
1839, 1787, 1788, 1840, 1817
1840, 1883, 1861, 1893, 1904
1841,  295,  296, 1849, 1874
1842, 1922, 1672, 1907, 1799
1843, 1898, 1895, 1863, 1880
1844, 1903, 1821, 1895, 1805
1845, 1860, 1822, 1844, 1878
1846, 1862, 1852, 1888, 1886
1847, 1849, 1825, 1819, 1874
1848, 1773, 1981, 1735, 1721
1849, 1857, 1827, 1809, 1778
1850, 1896, 1879, 1839, 1845
1851, 1879, 1869, 1855, 1839
1852, 1989, 1788, 1988, 1742
1853, 1982, 1858, 1840, 1830
1854, 1919, 1862, 1886, 1889
1855, 1881, 1882, 1843, 1871
1856, 1959, 1795, 1757, 1914
1857, 1835,  289,   25, 1792
1858, 1908, 1856, 1837, 1873
1859, 1837, 1813, 1811, 1860
1860, 1838,  164,  163, 1880
1861,  212,  211, 1906, 1866
1862, 1827, 1857, 1868, 1859
1863, 1868, 1892, 1875, 1859
1864, 1865, 1890, 1894, 1854
1865, 1843, 1812, 1795, 1871
1866, 1873, 1878,  216,  215
1867, 1894, 1896, 1845, 1854
1868, 1866, 1864,  213,  212
1869, 1848, 1864, 1866, 1920
1870, 1876, 1920, 1866, 1906
1871, 1982, 1730, 1847, 1858
1872, 1850, 1818, 1861, 1883
1873, 1905, 1904,  282,  283
1874,  285,  286, 1851, 1899
1875,  210,  209, 1886, 1888
1876, 1877, 1842, 1872, 1919
1877, 1870, 1785, 1855, 1869
1878, 1898, 1880,  163,  162
1879, 1784, 1816, 1863, 1820
1880, 1858, 1920, 1876, 1840
1881, 1904, 1893,  281,  282
1882, 1886,  209,  208, 1889
1883, 1898,  162,  161, 1899
1884, 1890, 1865, 1882, 1891
1885, 1869,  166, 1892, 1870
1886, 1875,  165,  164, 1838
1887, 1868, 1815, 1870, 1892
1888,  295, 1874, 1887,  294
1889, 1896, 1894,  169,  168
1890, 1971, 1854, 1845, 1972
1891, 1887, 1889,  293,  294
1892, 1877, 1919, 1889, 1887
1893,  217,  216, 1878, 1884
1894,  168,  167, 1879, 1896
1895, 1890, 1891,  171,  170
1896, 1843, 1882, 1865, 1812
1897,  218,  217, 1884, 1897
1898, 1885,  291,  292, 1897
1899,  170,  169, 1894, 1890
1900, 1906, 1888, 1852, 1876
1901,  284, 1891, 1905,  283
1902,  281, 1893, 1831,  280
1903,  214,  213, 1864, 1908
1904, 1881, 1883, 1904, 1905
1905, 1929, 1927, 1678, 1936
1906, 1912, 1667, 1955, 1956
1907, 1915, 1558, 1571, 1694
1908, 1917, 1553, 1539, 1924
1909, 1862, 1919, 1872, 1832
1910, 1920, 1858, 1847, 1848
1911, 1929, 1928, 1909, 1927
1912, 1932, 1933, 1955, 1667
1913, 1931, 1753, 1933, 1932
1914, 1681, 1953, 1756, 1952
1915, 1714, 1912, 1956, 1957
1916, 1959, 1801, 1979, 1833
1917, 1962, 1606, 1607, 1701
1918, 1966, 1619, 1620, 1967
1919, 1620, 1710, 1762, 1967
1920, 1804, 1660, 1968, 1753
1921, 1700, 1748, 1986, 1969
1922, 1972, 1826, 1828, 1971
1923, 1973, 1739, 1686, 1715
1924, 1723, 1944, 1977, 1706
1925, 1978, 1728, 1957, 1796
1926, 1983, 1979, 1801, 1978
1927, 1984, 1697, 1718, 1772
1928, 1737, 1786, 1769, 1975
1929, 1734, 1997, 1998, 1987
1930, 1982, 1830, 1992, 1771
1931, 1990, 1767, 1680, 1733
1932, 1998, 1997, 2000, 2003
1933, 1674, 1732, 1808, 1772
1934, 1991, 1808, 2001, 2002
1935, 1982, 1771, 1994, 1730
1936, 1999, 2002, 2004, 2000
1937, 2002, 1999, 1813, 1991
1938, 1998, 1990, 1733, 1987
1939, 2004, 1996, 2003, 2000
1940, 1995, 1996, 2004, 1776